0 1 0
1 1 0.005
2 1 0.01
3 1 0.015
4 1 0.02
5 1 0.025
6 1 0.03
7 1 0.035
8 1 0.04
9 1 0.045
10 1 0.05
11 1 0.055
12 1 0.06
13 1 0.065
14 1 0.07
15 1 0.075
16 1 0.08
17 1 0.085
18 1 0.09
19 1 0.095
20 1 0.1
21 1 0.105
22 1 0.11
23 1 0.115
24 1 0.12
25 1 0.125
26 1 0.13
27 1 0.135
28 1 0.14
29 1 0.145
30 1 0.15
31 1 0.155
32 1 0.16
33 1 0.165
34 1 0.17
35 1 0.175
36 1 0.18
37 1 0.185
38 1 0.19
39 1 0.195
40 1 0.2
41 1 0.205
42 1 0.21
43 1 0.215
44 1 0.22
45 1 0.225
46 1 0.23
47 1 0.235
48 1 0.24
49 1 0.245
50 1 0.25
51 1 0.255
52 1 0.26
53 1 0.265
54 1 0.27
55 1 0.275
56 1 0.28
57 1 0.285
58 1 0.29
59 1 0.295
60 1 0.3
61 1 0.305
62 1 0.31
63 1 0.315
64 1 0.32
65 1 0.325
66 1 0.33
67 1 0.335
68 1 0.34
69 1 0.345
70 1 0.35
71 1 0.355
72 1 0.36
73 1 0.365
74 1 0.37
75 1 0.375
76 1 0.38
77 1 0.385
78 1 0.39
79 1 0.395
80 1 0.4
81 1 0.405
82 1 0.41
83 1 0.415
84 1 0.42
85 1 0.425
86 1 0.43
87 1 0.435
88 1 0.44
89 1 0.445
90 1 0.45
91 1 0.455
92 1 0.46
93 1 0.465
94 1 0.47
95 1 0.475
96 1 0.48
97 1 0.485
98 1 0.49
99 1 0.495
100 1 0.5
101 1 0.505
102 1 0.51
103 1 0.515
104 1 0.52
105 1 0.525
106 1 0.53
107 1 0.535
108 1 0.54
109 1 0.545
110 1 0.55
111 1 0.555
112 1 0.56
113 1 0.565
114 1 0.57
115 1 0.575
116 1 0.58
117 1 0.585
118 1 0.59
119 1 0.595
120 1 0.6
121 1 0.605
122 1 0.61
123 1 0.615
124 1 0.62
125 1 0.625
126 1 0.63
127 1 0.635
128 1 0.64
129 1 0.645
130 1 0.65
131 1 0.655
132 1 0.66
133 1 0.665
134 1 0.67
135 1 0.675
136 1 0.68
137 1 0.685
138 1 0.69
139 1 0.695
140 1 0.7
141 1 0.705
142 1 0.71
143 1 0.715
144 1 0.72
145 1 0.725
146 1 0.73
147 1 0.735
148 1 0.74
149 1 0.745
150 1 0.75
151 1 0.755
152 1 0.76
153 1 0.765
154 1 0.77
155 1 0.775
156 1 0.78
157 1 0.785
158 1 0.79
159 1 0.795
160 1 0.8
161 1 0.805
162 1 0.81
163 1 0.815
164 1 0.82
165 1 0.825
166 1 0.83
167 1 0.835
168 1 0.84
169 1 0.845
170 1 0.85
171 1 0.855
172 1 0.86
173 1 0.865
174 1 0.87
175 1 0.875
176 1 0.88
177 1 0.885
178 1 0.89
179 1 0.895
180 1 0.9
181 1 0.905
182 1 0.91
183 1 0.915
184 1 0.92
185 1 0.925
186 1 0.93
187 1 0.935
188 1 0.94
189 1 0.945
190 1 0.95
191 1 0.955
192 1 0.96
193 1 0.965
194 1 0.97
195 1 0.975
196 1 0.98
197 1 0.985
198 1 0.99
199 1 0.995
200 1 1
201 2 0
202 2 0.005
203 2 0.01
204 2 0.015
205 2 0.02
206 2 0.025
207 2 0.03
208 2 0.035
209 2 0.04
210 2 0.045
211 2 0.05
212 2 0.055
213 2 0.06
214 2 0.065
215 2 0.07
216 2 0.075
217 2 0.08
218 2 0.085
219 2 0.09
220 2 0.095
221 2 0.1
222 2 0.105
223 2 0.11
224 2 0.115
225 2 0.12
226 2 0.125
227 2 0.13
228 2 0.135
229 2 0.14
230 2 0.145
231 2 0.15
232 2 0.155
233 2 0.16
234 2 0.165
235 2 0.17
236 2 0.175
237 2 0.18
238 2 0.185
239 2 0.19
240 2 0.195
241 2 0.2
242 2 0.205
243 2 0.21
244 2 0.215
245 2 0.22
246 2 0.225
247 2 0.23
248 2 0.235
249 2 0.24
250 2 0.245
251 2 0.25
252 2 0.255
253 2 0.26
254 2 0.265
255 2 0.27
256 2 0.275
257 2 0.28
258 2 0.285
259 2 0.29
260 2 0.295
261 2 0.3
262 2 0.305
263 2 0.31
264 2 0.315
265 2 0.32
266 2 0.325
267 2 0.33
268 2 0.335
269 2 0.34
270 2 0.345
271 2 0.35
272 2 0.355
273 2 0.36
274 2 0.365
275 2 0.37
276 2 0.375
277 2 0.38
278 2 0.385
279 2 0.39
280 2 0.395
281 2 0.4
282 2 0.405
283 2 0.41
284 2 0.415
285 2 0.42
286 2 0.425
287 2 0.43
288 2 0.435
289 2 0.44
290 2 0.445
291 2 0.45
292 2 0.455
293 2 0.46
294 2 0.465
295 2 0.47
296 2 0.475
297 2 0.48
298 2 0.485
299 2 0.49
300 2 0.495
301 2 0.5
302 2 0.505
303 2 0.51
304 2 0.515
305 2 0.52
306 2 0.525
307 2 0.53
308 2 0.535
309 2 0.54
310 2 0.545
311 2 0.55
312 2 0.555
313 2 0.56
314 2 0.565
315 2 0.57
316 2 0.575
317 2 0.58
318 2 0.585
319 2 0.59
320 2 0.595
321 2 0.6
322 2 0.605
323 2 0.61
324 2 0.615
325 2 0.62
326 2 0.625
327 2 0.63
328 2 0.635
329 2 0.64
330 2 0.645
331 2 0.65
332 2 0.655
333 2 0.66
334 2 0.665
335 2 0.67
336 2 0.675
337 2 0.68
338 2 0.685
339 2 0.69
340 2 0.695
341 2 0.7
342 2 0.705
343 2 0.71
344 2 0.715
345 2 0.72
346 2 0.725
347 2 0.73
348 2 0.735
349 2 0.74
350 2 0.745
351 2 0.75
352 2 0.755
353 2 0.76
354 2 0.765
355 2 0.77
356 2 0.775
357 2 0.78
358 2 0.785
359 2 0.79
360 2 0.795
361 2 0.8
362 2 0.805
363 2 0.81
364 2 0.815
365 2 0.82
366 2 0.825
367 2 0.83
368 2 0.835
369 2 0.84
370 2 0.845
371 2 0.85
372 2 0.855
373 2 0.86
374 2 0.865
375 2 0.87
376 2 0.875
377 2 0.88
378 2 0.885
379 2 0.89
380 2 0.895
381 2 0.9
382 2 0.905
383 2 0.91
384 2 0.915
385 2 0.92
386 2 0.925
387 2 0.93
388 2 0.935
389 2 0.94
390 2 0.945
391 2 0.95
392 2 0.955
393 2 0.96
394 2 0.965
395 2 0.97
396 2 0.975
397 2 0.98
398 2 0.985
399 2 0.99
400 2 0.995
401 2 1
402 3 0
403 3 0.005
404 3 0.01
405 3 0.015
406 3 0.02
407 3 0.025
408 3 0.03
409 3 0.035
410 3 0.04
411 3 0.045
412 3 0.05
413 3 0.055
414 3 0.06
415 3 0.065
416 3 0.07
417 3 0.075
418 3 0.08
419 3 0.085
420 3 0.09
421 3 0.095
422 3 0.1
423 3 0.105
424 3 0.11
425 3 0.115
426 3 0.12
427 3 0.125
428 3 0.13
429 3 0.135
430 3 0.14
431 3 0.145
432 3 0.15
433 3 0.155
434 3 0.16
435 3 0.165
436 3 0.17
437 3 0.175
438 3 0.18
439 3 0.185
440 3 0.19
441 3 0.195
442 3 0.2
443 3 0.205
444 3 0.21
445 3 0.215
446 3 0.22
447 3 0.225
448 3 0.23
449 3 0.235
450 3 0.24
451 3 0.245
452 3 0.25
453 3 0.255
454 3 0.26
455 3 0.265
456 3 0.27
457 3 0.275
458 3 0.28
459 3 0.285
460 3 0.29
461 3 0.295
462 3 0.3
463 3 0.305
464 3 0.31
465 3 0.315
466 3 0.32
467 3 0.325
468 3 0.33
469 3 0.335
470 3 0.34
471 3 0.345
472 3 0.35
473 3 0.355
474 3 0.36
475 3 0.365
476 3 0.37
477 3 0.375
478 3 0.38
479 3 0.385
480 3 0.39
481 3 0.395
482 3 0.4
483 3 0.405
484 3 0.41
485 3 0.415
486 3 0.42
487 3 0.425
488 3 0.43
489 3 0.435
490 3 0.44
491 3 0.445
492 3 0.45
493 3 0.455
494 3 0.46
495 3 0.465
496 3 0.47
497 3 0.475
498 3 0.48
499 3 0.485
500 3 0.49
501 3 0.495
502 3 0.5
503 3 0.505
504 3 0.51
505 3 0.515
506 3 0.52
507 3 0.525
508 3 0.53
509 3 0.535
510 3 0.54
511 3 0.545
512 3 0.55
513 3 0.555
514 3 0.56
515 3 0.565
516 3 0.57
517 3 0.575
518 3 0.58
519 3 0.585
520 3 0.59
521 3 0.595
522 3 0.6
523 3 0.605
524 3 0.61
525 3 0.615
526 3 0.62
527 3 0.625
528 3 0.63
529 3 0.635
530 3 0.64
531 3 0.645
532 3 0.65
533 3 0.655
534 3 0.66
535 3 0.665
536 3 0.67
537 3 0.675
538 3 0.68
539 3 0.685
540 3 0.69
541 3 0.695
542 3 0.7
543 3 0.705
544 3 0.71
545 3 0.715
546 3 0.72
547 3 0.725
548 3 0.73
549 3 0.735
550 3 0.74
551 3 0.745
552 3 0.75
553 3 0.755
554 3 0.76
555 3 0.765
556 3 0.77
557 3 0.775
558 3 0.78
559 3 0.785
560 3 0.79
561 3 0.795
562 3 0.8
563 3 0.805
564 3 0.81
565 3 0.815
566 3 0.82
567 3 0.825
568 3 0.83
569 3 0.835
570 3 0.84
571 3 0.845
572 3 0.85
573 3 0.855
574 3 0.86
575 3 0.865
576 3 0.87
577 3 0.875
578 3 0.88
579 3 0.885
580 3 0.89
581 3 0.895
582 3 0.9
583 3 0.905
584 3 0.91
585 3 0.915
586 3 0.92
587 3 0.925
588 3 0.93
589 3 0.935
590 3 0.94
591 3 0.945
592 3 0.95
593 3 0.955
594 3 0.96
595 3 0.965
596 3 0.97
597 3 0.975
598 3 0.98
599 3 0.985
600 3 0.99
601 3 0.995
602 3 1
603 4 0
604 4 0.005
605 4 0.01
606 4 0.015
607 4 0.02
608 4 0.025
609 4 0.03
610 4 0.035
611 4 0.04
612 4 0.045
613 4 0.05
614 4 0.055
615 4 0.06
616 4 0.065
617 4 0.07
618 4 0.075
619 4 0.08
620 4 0.085
621 4 0.09
622 4 0.095
623 4 0.1
624 4 0.105
625 4 0.11
626 4 0.115
627 4 0.12
628 4 0.125
629 4 0.13
630 4 0.135
631 4 0.14
632 4 0.145
633 4 0.15
634 4 0.155
635 4 0.16
636 4 0.165
637 4 0.17
638 4 0.175
639 4 0.18
640 4 0.185
641 4 0.19
642 4 0.195
643 4 0.2
644 4 0.205
645 4 0.21
646 4 0.215
647 4 0.22
648 4 0.225
649 4 0.23
650 4 0.235
651 4 0.24
652 4 0.245
653 4 0.25
654 4 0.255
655 4 0.26
656 4 0.265
657 4 0.27
658 4 0.275
659 4 0.28
660 4 0.285
661 4 0.29
662 4 0.295
663 4 0.3
664 4 0.305
665 4 0.31
666 4 0.315
667 4 0.32
668 4 0.325
669 4 0.33
670 4 0.335
671 4 0.34
672 4 0.345
673 4 0.35
674 4 0.355
675 4 0.36
676 4 0.365
677 4 0.37
678 4 0.375
679 4 0.38
680 4 0.385
681 4 0.39
682 4 0.395
683 4 0.4
684 4 0.405
685 4 0.41
686 4 0.415
687 4 0.42
688 4 0.425
689 4 0.43
690 4 0.435
691 4 0.44
692 4 0.445
693 4 0.45
694 4 0.455
695 4 0.46
696 4 0.465
697 4 0.47
698 4 0.475
699 4 0.48
700 4 0.485
701 4 0.49
702 4 0.495
703 4 0.5
704 4 0.505
705 4 0.51
706 4 0.515
707 4 0.52
708 4 0.525
709 4 0.53
710 4 0.535
711 4 0.54
712 4 0.545
713 4 0.55
714 4 0.555
715 4 0.56
716 4 0.565
717 4 0.57
718 4 0.575
719 4 0.58
720 4 0.585
721 4 0.59
722 4 0.595
723 4 0.6
724 4 0.605
725 4 0.61
726 4 0.615
727 4 0.62
728 4 0.625
729 4 0.63
730 4 0.635
731 4 0.64
732 4 0.645
733 4 0.65
734 4 0.655
735 4 0.66
736 4 0.665
737 4 0.67
738 4 0.675
739 4 0.68
740 4 0.685
741 4 0.69
742 4 0.695
743 4 0.7
744 4 0.705
745 4 0.71
746 4 0.715
747 4 0.72
748 4 0.725
749 4 0.73
750 4 0.735
751 4 0.74
752 4 0.745
753 4 0.75
754 4 0.755
755 4 0.76
756 4 0.765
757 4 0.77
758 4 0.775
759 4 0.78
760 4 0.785
761 4 0.79
762 4 0.795
763 4 0.8
764 4 0.805
765 4 0.81
766 4 0.815
767 4 0.82
768 4 0.825
769 4 0.83
770 4 0.835
771 4 0.84
772 4 0.845
773 4 0.85
774 4 0.855
775 4 0.86
776 4 0.865
777 4 0.87
778 4 0.875
779 4 0.88
780 4 0.885
781 4 0.89
782 4 0.895
783 4 0.9
784 4 0.905
785 4 0.91
786 4 0.915
787 4 0.92
788 4 0.925
789 4 0.93
790 4 0.935
791 4 0.94
792 4 0.945
793 4 0.95
794 4 0.955
795 4 0.96
796 4 0.965
797 4 0.97
798 4 0.975
799 4 0.98
800 4 0.985
801 4 0.99
802 4 0.995
803 4 1
804 5 0
805 5 0.005
806 5 0.01
807 5 0.015
808 5 0.02
809 5 0.025
810 5 0.03
811 5 0.035
812 5 0.04
813 5 0.045
814 5 0.05
815 5 0.055
816 5 0.06
817 5 0.065
818 5 0.07
819 5 0.075
820 5 0.08
821 5 0.085
822 5 0.09
823 5 0.095
824 5 0.1
825 5 0.105
826 5 0.11
827 5 0.115
828 5 0.12
829 5 0.125
830 5 0.13
831 5 0.135
832 5 0.14
833 5 0.145
834 5 0.15
835 5 0.155
836 5 0.16
837 5 0.165
838 5 0.17
839 5 0.175
840 5 0.18
841 5 0.185
842 5 0.19
843 5 0.195
844 5 0.2
845 5 0.205
846 5 0.21
847 5 0.215
848 5 0.22
849 5 0.225
850 5 0.23
851 5 0.235
852 5 0.24
853 5 0.245
854 5 0.25
855 5 0.255
856 5 0.26
857 5 0.265
858 5 0.27
859 5 0.275
860 5 0.28
861 5 0.285
862 5 0.29
863 5 0.295
864 5 0.3
865 5 0.305
866 5 0.31
867 5 0.315
868 5 0.32
869 5 0.325
870 5 0.33
871 5 0.335
872 5 0.34
873 5 0.345
874 5 0.35
875 5 0.355
876 5 0.36
877 5 0.365
878 5 0.37
879 5 0.375
880 5 0.38
881 5 0.385
882 5 0.39
883 5 0.395
884 5 0.4
885 5 0.405
886 5 0.41
887 5 0.415
888 5 0.42
889 5 0.425
890 5 0.43
891 5 0.435
892 5 0.44
893 5 0.445
894 5 0.45
895 5 0.455
896 5 0.46
897 5 0.465
898 5 0.47
899 5 0.475
900 5 0.48
901 5 0.485
902 5 0.49
903 5 0.495
904 5 0.5
905 5 0.505
906 5 0.51
907 5 0.515
908 5 0.52
909 5 0.525
910 5 0.53
911 5 0.535
912 5 0.54
913 5 0.545
914 5 0.55
915 5 0.555
916 5 0.56
917 5 0.565
918 5 0.57
919 5 0.575
920 5 0.58
921 5 0.585
922 5 0.59
923 5 0.595
924 5 0.6
925 5 0.605
926 5 0.61
927 5 0.615
928 5 0.62
929 5 0.625
930 5 0.63
931 5 0.635
932 5 0.64
933 5 0.645
934 5 0.65
935 5 0.655
936 5 0.66
937 5 0.665
938 5 0.67
939 5 0.675
940 5 0.68
941 5 0.685
942 5 0.69
943 5 0.695
944 5 0.7
945 5 0.705
946 5 0.71
947 5 0.715
948 5 0.72
949 5 0.725
950 5 0.73
951 5 0.735
952 5 0.74
953 5 0.745
954 5 0.75
955 5 0.755
956 5 0.76
957 5 0.765
958 5 0.77
959 5 0.775
960 5 0.78
961 5 0.785
962 5 0.79
963 5 0.795
964 5 0.8
965 5 0.805
966 5 0.81
967 5 0.815
968 5 0.82
969 5 0.825
970 5 0.83
971 5 0.835
972 5 0.84
973 5 0.845
974 5 0.85
975 5 0.855
976 5 0.86
977 5 0.865
978 5 0.87
979 5 0.875
980 5 0.88
981 5 0.885
982 5 0.89
983 5 0.895
984 5 0.9
985 5 0.905
986 5 0.91
987 5 0.915
988 5 0.92
989 5 0.925
990 5 0.93
991 5 0.935
992 5 0.94
993 5 0.945
994 5 0.95
995 5 0.955
996 5 0.96
997 5 0.965
998 5 0.97
999 5 0.975
1000 5 0.98
1001 5 0.985
1002 5 0.99
1003 5 0.995
1004 5 1
1005 6 0
1006 6 0.005
1007 6 0.01
1008 6 0.015
1009 6 0.02
1010 6 0.025
1011 6 0.03
1012 6 0.035
1013 6 0.04
1014 6 0.045
1015 6 0.05
1016 6 0.055
1017 6 0.06
1018 6 0.065
1019 6 0.07
1020 6 0.075
1021 6 0.08
1022 6 0.085
1023 6 0.09
1024 6 0.095
1025 6 0.1
1026 6 0.105
1027 6 0.11
1028 6 0.115
1029 6 0.12
1030 6 0.125
1031 6 0.13
1032 6 0.135
1033 6 0.14
1034 6 0.145
1035 6 0.15
1036 6 0.155
1037 6 0.16
1038 6 0.165
1039 6 0.17
1040 6 0.175
1041 6 0.18
1042 6 0.185
1043 6 0.19
1044 6 0.195
1045 6 0.2
1046 6 0.205
1047 6 0.21
1048 6 0.215
1049 6 0.22
1050 6 0.225
1051 6 0.23
1052 6 0.235
1053 6 0.24
1054 6 0.245
1055 6 0.25
1056 6 0.255
1057 6 0.26
1058 6 0.265
1059 6 0.27
1060 6 0.275
1061 6 0.28
1062 6 0.285
1063 6 0.29
1064 6 0.295
1065 6 0.3
1066 6 0.305
1067 6 0.31
1068 6 0.315
1069 6 0.32
1070 6 0.325
1071 6 0.33
1072 6 0.335
1073 6 0.34
1074 6 0.345
1075 6 0.35
1076 6 0.355
1077 6 0.36
1078 6 0.365
1079 6 0.37
1080 6 0.375
1081 6 0.38
1082 6 0.385
1083 6 0.39
1084 6 0.395
1085 6 0.4
1086 6 0.405
1087 6 0.41
1088 6 0.415
1089 6 0.42
1090 6 0.425
1091 6 0.43
1092 6 0.435
1093 6 0.44
1094 6 0.445
1095 6 0.45
1096 6 0.455
1097 6 0.46
1098 6 0.465
1099 6 0.47
1100 6 0.475
1101 6 0.48
1102 6 0.485
1103 6 0.49
1104 6 0.495
1105 6 0.5
1106 6 0.505
1107 6 0.51
1108 6 0.515
1109 6 0.52
1110 6 0.525
1111 6 0.53
1112 6 0.535
1113 6 0.54
1114 6 0.545
1115 6 0.55
1116 6 0.555
1117 6 0.56
1118 6 0.565
1119 6 0.57
1120 6 0.575
1121 6 0.58
1122 6 0.585
1123 6 0.59
1124 6 0.595
1125 6 0.6
1126 6 0.605
1127 6 0.61
1128 6 0.615
1129 6 0.62
1130 6 0.625
1131 6 0.63
1132 6 0.635
1133 6 0.64
1134 6 0.645
1135 6 0.65
1136 6 0.655
1137 6 0.66
1138 6 0.665
1139 6 0.67
1140 6 0.675
1141 6 0.68
1142 6 0.685
1143 6 0.69
1144 6 0.695
1145 6 0.7
1146 6 0.705
1147 6 0.71
1148 6 0.715
1149 6 0.72
1150 6 0.725
1151 6 0.73
1152 6 0.735
1153 6 0.74
1154 6 0.745
1155 6 0.75
1156 6 0.755
1157 6 0.76
1158 6 0.765
1159 6 0.77
1160 6 0.775
1161 6 0.78
1162 6 0.785
1163 6 0.79
1164 6 0.795
1165 6 0.8
1166 6 0.805
1167 6 0.81
1168 6 0.815
1169 6 0.82
1170 6 0.825
1171 6 0.83
1172 6 0.835
1173 6 0.84
1174 6 0.845
1175 6 0.85
1176 6 0.855
1177 6 0.86
1178 6 0.865
1179 6 0.87
1180 6 0.875
1181 6 0.88
1182 6 0.885
1183 6 0.89
1184 6 0.895
1185 6 0.9
1186 6 0.905
1187 6 0.91
1188 6 0.915
1189 6 0.92
1190 6 0.925
1191 6 0.93
1192 6 0.935
1193 6 0.94
1194 6 0.945
1195 6 0.95
1196 6 0.955
1197 6 0.96
1198 6 0.965
1199 6 0.97
1200 6 0.975
1201 6 0.98
1202 6 0.985
1203 6 0.99
1204 6 0.995
1205 6 1
1206 7 0
1207 7 0.005
1208 7 0.01
1209 7 0.015
1210 7 0.02
1211 7 0.025
1212 7 0.03
1213 7 0.035
1214 7 0.04
1215 7 0.045
1216 7 0.05
1217 7 0.055
1218 7 0.06
1219 7 0.065
1220 7 0.07
1221 7 0.075
1222 7 0.08
1223 7 0.085
1224 7 0.09
1225 7 0.095
1226 7 0.1
1227 7 0.105
1228 7 0.11
1229 7 0.115
1230 7 0.12
1231 7 0.125
1232 7 0.13
1233 7 0.135
1234 7 0.14
1235 7 0.145
1236 7 0.15
1237 7 0.155
1238 7 0.16
1239 7 0.165
1240 7 0.17
1241 7 0.175
1242 7 0.18
1243 7 0.185
1244 7 0.19
1245 7 0.195
1246 7 0.2
1247 7 0.205
1248 7 0.21
1249 7 0.215
1250 7 0.22
1251 7 0.225
1252 7 0.23
1253 7 0.235
1254 7 0.24
1255 7 0.245
1256 7 0.25
1257 7 0.255
1258 7 0.26
1259 7 0.265
1260 7 0.27
1261 7 0.275
1262 7 0.28
1263 7 0.285
1264 7 0.29
1265 7 0.295
1266 7 0.3
1267 7 0.305
1268 7 0.31
1269 7 0.315
1270 7 0.32
1271 7 0.325
1272 7 0.33
1273 7 0.335
1274 7 0.34
1275 7 0.345
1276 7 0.35
1277 7 0.355
1278 7 0.36
1279 7 0.365
1280 7 0.37
1281 7 0.375
1282 7 0.38
1283 7 0.385
1284 7 0.39
1285 7 0.395
1286 7 0.4
1287 7 0.405
1288 7 0.41
1289 7 0.415
1290 7 0.42
1291 7 0.425
1292 7 0.43
1293 7 0.435
1294 7 0.44
1295 7 0.445
1296 7 0.45
1297 7 0.455
1298 7 0.46
1299 7 0.465
1300 7 0.47
1301 7 0.475
1302 7 0.48
1303 7 0.485
1304 7 0.49
1305 7 0.495
1306 7 0.5
1307 7 0.505
1308 7 0.51
1309 7 0.515
1310 7 0.52
1311 7 0.525
1312 7 0.53
1313 7 0.535
1314 7 0.54
1315 7 0.545
1316 7 0.55
1317 7 0.555
1318 7 0.56
1319 7 0.565
1320 7 0.57
1321 7 0.575
1322 7 0.58
1323 7 0.585
1324 7 0.59
1325 7 0.595
1326 7 0.6
1327 7 0.605
1328 7 0.61
1329 7 0.615
1330 7 0.62
1331 7 0.625
1332 7 0.63
1333 7 0.635
1334 7 0.64
1335 7 0.645
1336 7 0.65
1337 7 0.655
1338 7 0.66
1339 7 0.665
1340 7 0.67
1341 7 0.675
1342 7 0.68
1343 7 0.685
1344 7 0.69
1345 7 0.695
1346 7 0.7
1347 7 0.705
1348 7 0.71
1349 7 0.715
1350 7 0.72
1351 7 0.725
1352 7 0.73
1353 7 0.735
1354 7 0.74
1355 7 0.745
1356 7 0.75
1357 7 0.755
1358 7 0.76
1359 7 0.765
1360 7 0.77
1361 7 0.775
1362 7 0.78
1363 7 0.785
1364 7 0.79
1365 7 0.795
1366 7 0.8
1367 7 0.805
1368 7 0.81
1369 7 0.815
1370 7 0.82
1371 7 0.825
1372 7 0.83
1373 7 0.835
1374 7 0.84
1375 7 0.845
1376 7 0.85
1377 7 0.855
1378 7 0.86
1379 7 0.865
1380 7 0.87
1381 7 0.875
1382 7 0.88
1383 7 0.885
1384 7 0.89
1385 7 0.895
1386 7 0.9
1387 7 0.905
1388 7 0.91
1389 7 0.915
1390 7 0.92
1391 7 0.925
1392 7 0.93
1393 7 0.935
1394 7 0.94
1395 7 0.945
1396 7 0.95
1397 7 0.955
1398 7 0.96
1399 7 0.965
1400 7 0.97
1401 7 0.975
1402 7 0.98
1403 7 0.985
1404 7 0.99
1405 7 0.995
1406 7 1
1407 8 0
1408 8 0.005
1409 8 0.01
1410 8 0.015
1411 8 0.02
1412 8 0.025
1413 8 0.03
1414 8 0.035
1415 8 0.04
1416 8 0.045
1417 8 0.05
1418 8 0.055
1419 8 0.06
1420 8 0.065
1421 8 0.07
1422 8 0.075
1423 8 0.08
1424 8 0.085
1425 8 0.09
1426 8 0.095
1427 8 0.1
1428 8 0.105
1429 8 0.11
1430 8 0.115
1431 8 0.12
1432 8 0.125
1433 8 0.13
1434 8 0.135
1435 8 0.14
1436 8 0.145
1437 8 0.15
1438 8 0.155
1439 8 0.16
1440 8 0.165
1441 8 0.17
1442 8 0.175
1443 8 0.18
1444 8 0.185
1445 8 0.19
1446 8 0.195
1447 8 0.2
1448 8 0.205
1449 8 0.21
1450 8 0.215
1451 8 0.22
1452 8 0.225
1453 8 0.23
1454 8 0.235
1455 8 0.24
1456 8 0.245
1457 8 0.25
1458 8 0.255
1459 8 0.26
1460 8 0.265
1461 8 0.27
1462 8 0.275
1463 8 0.28
1464 8 0.285
1465 8 0.29
1466 8 0.295
1467 8 0.3
1468 8 0.305
1469 8 0.31
1470 8 0.315
1471 8 0.32
1472 8 0.325
1473 8 0.33
1474 8 0.335
1475 8 0.34
1476 8 0.345
1477 8 0.35
1478 8 0.355
1479 8 0.36
1480 8 0.365
1481 8 0.37
1482 8 0.375
1483 8 0.38
1484 8 0.385
1485 8 0.39
1486 8 0.395
1487 8 0.4
1488 8 0.405
1489 8 0.41
1490 8 0.415
1491 8 0.42
1492 8 0.425
1493 8 0.43
1494 8 0.435
1495 8 0.44
1496 8 0.445
1497 8 0.45
1498 8 0.455
1499 8 0.46
1500 8 0.465
1501 8 0.47
1502 8 0.475
1503 8 0.48
1504 8 0.485
1505 8 0.49
1506 8 0.495
1507 8 0.5
1508 8 0.505
1509 8 0.51
1510 8 0.515
1511 8 0.52
1512 8 0.525
1513 8 0.53
1514 8 0.535
1515 8 0.54
1516 8 0.545
1517 8 0.55
1518 8 0.555
1519 8 0.56
1520 8 0.565
1521 8 0.57
1522 8 0.575
1523 8 0.58
1524 8 0.585
1525 8 0.59
1526 8 0.595
1527 8 0.6
1528 8 0.605
1529 8 0.61
1530 8 0.615
1531 8 0.62
1532 8 0.625
1533 8 0.63
1534 8 0.635
1535 8 0.64
1536 8 0.645
1537 8 0.65
1538 8 0.655
1539 8 0.66
1540 8 0.665
1541 8 0.67
1542 8 0.675
1543 8 0.68
1544 8 0.685
1545 8 0.69
1546 8 0.695
1547 8 0.7
1548 8 0.705
1549 8 0.71
1550 8 0.715
1551 8 0.72
1552 8 0.725
1553 8 0.73
1554 8 0.735
1555 8 0.74
1556 8 0.745
1557 8 0.75
1558 8 0.755
1559 8 0.76
1560 8 0.765
1561 8 0.77
1562 8 0.775
1563 8 0.78
1564 8 0.785
1565 8 0.79
1566 8 0.795
1567 8 0.8
1568 8 0.805
1569 8 0.81
1570 8 0.815
1571 8 0.82
1572 8 0.825
1573 8 0.83
1574 8 0.835
1575 8 0.84
1576 8 0.845
1577 8 0.85
1578 8 0.855
1579 8 0.86
1580 8 0.865
1581 8 0.87
1582 8 0.875
1583 8 0.88
1584 8 0.885
1585 8 0.89
1586 8 0.895
1587 8 0.9
1588 8 0.905
1589 8 0.91
1590 8 0.915
1591 8 0.92
1592 8 0.925
1593 8 0.93
1594 8 0.935
1595 8 0.94
1596 8 0.945
1597 8 0.95
1598 8 0.955
1599 8 0.96
1600 8 0.965
1601 8 0.97
1602 8 0.975
1603 8 0.98
1604 8 0.985
1605 8 0.99
1606 8 0.995
1607 8 1
1608 9 0
1609 9 0.005
1610 9 0.01
1611 9 0.015
1612 9 0.02
1613 9 0.025
1614 9 0.03
1615 9 0.035
1616 9 0.04
1617 9 0.045
1618 9 0.05
1619 9 0.055
1620 9 0.06
1621 9 0.065
1622 9 0.07
1623 9 0.075
1624 9 0.08
1625 9 0.085
1626 9 0.09
1627 9 0.095
1628 9 0.1
1629 9 0.105
1630 9 0.11
1631 9 0.115
1632 9 0.12
1633 9 0.125
1634 9 0.13
1635 9 0.135
1636 9 0.14
1637 9 0.145
1638 9 0.15
1639 9 0.155
1640 9 0.16
1641 9 0.165
1642 9 0.17
1643 9 0.175
1644 9 0.18
1645 9 0.185
1646 9 0.19
1647 9 0.195
1648 9 0.2
1649 9 0.205
1650 9 0.21
1651 9 0.215
1652 9 0.22
1653 9 0.225
1654 9 0.23
1655 9 0.235
1656 9 0.24
1657 9 0.245
1658 9 0.25
1659 9 0.255
1660 9 0.26
1661 9 0.265
1662 9 0.27
1663 9 0.275
1664 9 0.28
1665 9 0.285
1666 9 0.29
1667 9 0.295
1668 9 0.3
1669 9 0.305
1670 9 0.31
1671 9 0.315
1672 9 0.32
1673 9 0.325
1674 9 0.33
1675 9 0.335
1676 9 0.34
1677 9 0.345
1678 9 0.35
1679 9 0.355
1680 9 0.36
1681 9 0.365
1682 9 0.37
1683 9 0.375
1684 9 0.38
1685 9 0.385
1686 9 0.39
1687 9 0.395
1688 9 0.4
1689 9 0.405
1690 9 0.41
1691 9 0.415
1692 9 0.42
1693 9 0.425
1694 9 0.43
1695 9 0.435
1696 9 0.44
1697 9 0.445
1698 9 0.45
1699 9 0.455
1700 9 0.46
1701 9 0.465
1702 9 0.47
1703 9 0.475
1704 9 0.48
1705 9 0.485
1706 9 0.49
1707 9 0.495
1708 9 0.5
1709 9 0.505
1710 9 0.51
1711 9 0.515
1712 9 0.52
1713 9 0.525
1714 9 0.53
1715 9 0.535
1716 9 0.54
1717 9 0.545
1718 9 0.55
1719 9 0.555
1720 9 0.56
1721 9 0.565
1722 9 0.57
1723 9 0.575
1724 9 0.58
1725 9 0.585
1726 9 0.59
1727 9 0.595
1728 9 0.6
1729 9 0.605
1730 9 0.61
1731 9 0.615
1732 9 0.62
1733 9 0.625
1734 9 0.63
1735 9 0.635
1736 9 0.64
1737 9 0.645
1738 9 0.65
1739 9 0.655
1740 9 0.66
1741 9 0.665
1742 9 0.67
1743 9 0.675
1744 9 0.68
1745 9 0.685
1746 9 0.69
1747 9 0.695
1748 9 0.7
1749 9 0.705
1750 9 0.71
1751 9 0.715
1752 9 0.72
1753 9 0.725
1754 9 0.73
1755 9 0.735
1756 9 0.74
1757 9 0.745
1758 9 0.75
1759 9 0.755
1760 9 0.76
1761 9 0.765
1762 9 0.77
1763 9 0.775
1764 9 0.78
1765 9 0.785
1766 9 0.79
1767 9 0.795
1768 9 0.8
1769 9 0.805
1770 9 0.81
1771 9 0.815
1772 9 0.82
1773 9 0.825
1774 9 0.83
1775 9 0.835
1776 9 0.84
1777 9 0.845
1778 9 0.85
1779 9 0.855
1780 9 0.86
1781 9 0.865
1782 9 0.87
1783 9 0.875
1784 9 0.88
1785 9 0.885
1786 9 0.89
1787 9 0.895
1788 9 0.9
1789 9 0.905
1790 9 0.91
1791 9 0.915
1792 9 0.92
1793 9 0.925
1794 9 0.93
1795 9 0.935
1796 9 0.94
1797 9 0.945
1798 9 0.95
1799 9 0.955
1800 9 0.96
1801 9 0.965
1802 9 0.97
1803 9 0.975
1804 9 0.98
1805 9 0.985
1806 9 0.99
1807 9 0.995
1808 9 1
1809 10 0
1810 10 0.005
1811 10 0.01
1812 10 0.015
1813 10 0.02
1814 10 0.025
1815 10 0.03
1816 10 0.035
1817 10 0.04
1818 10 0.045
1819 10 0.05
1820 10 0.055
1821 10 0.06
1822 10 0.065
1823 10 0.07
1824 10 0.075
1825 10 0.08
1826 10 0.085
1827 10 0.09
1828 10 0.095
1829 10 0.1
1830 10 0.105
1831 10 0.11
1832 10 0.115
1833 10 0.12
1834 10 0.125
1835 10 0.13
1836 10 0.135
1837 10 0.14
1838 10 0.145
1839 10 0.15
1840 10 0.155
1841 10 0.16
1842 10 0.165
1843 10 0.17
1844 10 0.175
1845 10 0.18
1846 10 0.185
1847 10 0.19
1848 10 0.195
1849 10 0.2
1850 10 0.205
1851 10 0.21
1852 10 0.215
1853 10 0.22
1854 10 0.225
1855 10 0.23
1856 10 0.235
1857 10 0.24
1858 10 0.245
1859 10 0.25
1860 10 0.255
1861 10 0.26
1862 10 0.265
1863 10 0.27
1864 10 0.275
1865 10 0.28
1866 10 0.285
1867 10 0.29
1868 10 0.295
1869 10 0.3
1870 10 0.305
1871 10 0.31
1872 10 0.315
1873 10 0.32
1874 10 0.325
1875 10 0.33
1876 10 0.335
1877 10 0.34
1878 10 0.345
1879 10 0.35
1880 10 0.355
1881 10 0.36
1882 10 0.365
1883 10 0.37
1884 10 0.375
1885 10 0.38
1886 10 0.385
1887 10 0.39
1888 10 0.395
1889 10 0.4
1890 10 0.405
1891 10 0.41
1892 10 0.415
1893 10 0.42
1894 10 0.425
1895 10 0.43
1896 10 0.435
1897 10 0.44
1898 10 0.445
1899 10 0.45
1900 10 0.455
1901 10 0.46
1902 10 0.465
1903 10 0.47
1904 10 0.475
1905 10 0.48
1906 10 0.485
1907 10 0.49
1908 10 0.495
1909 10 0.5
1910 10 0.505
1911 10 0.51
1912 10 0.515
1913 10 0.52
1914 10 0.525
1915 10 0.53
1916 10 0.535
1917 10 0.54
1918 10 0.545
1919 10 0.55
1920 10 0.555
1921 10 0.56
1922 10 0.565
1923 10 0.57
1924 10 0.575
1925 10 0.58
1926 10 0.585
1927 10 0.59
1928 10 0.595
1929 10 0.6
1930 10 0.605
1931 10 0.61
1932 10 0.615
1933 10 0.62
1934 10 0.625
1935 10 0.63
1936 10 0.635
1937 10 0.64
1938 10 0.645
1939 10 0.65
1940 10 0.655
1941 10 0.66
1942 10 0.665
1943 10 0.67
1944 10 0.675
1945 10 0.68
1946 10 0.685
1947 10 0.69
1948 10 0.695
1949 10 0.7
1950 10 0.705
1951 10 0.71
1952 10 0.715
1953 10 0.72
1954 10 0.725
1955 10 0.73
1956 10 0.735
1957 10 0.74
1958 10 0.745
1959 10 0.75
1960 10 0.755
1961 10 0.76
1962 10 0.765
1963 10 0.77
1964 10 0.775
1965 10 0.78
1966 10 0.785
1967 10 0.79
1968 10 0.795
1969 10 0.8
1970 10 0.805
1971 10 0.81
1972 10 0.815
1973 10 0.82
1974 10 0.825
1975 10 0.83
1976 10 0.835
1977 10 0.84
1978 10 0.845
1979 10 0.85
1980 10 0.855
1981 10 0.86
1982 10 0.865
1983 10 0.87
1984 10 0.875
1985 10 0.88
1986 10 0.885
1987 10 0.89
1988 10 0.895
1989 10 0.9
1990 10 0.905
1991 10 0.91
1992 10 0.915
1993 10 0.92
1994 10 0.925
1995 10 0.93
1996 10 0.935
1997 10 0.94
1998 10 0.945
1999 10 0.95
2000 10 0.955
2001 10 0.96
2002 10 0.965
2003 10 0.97
2004 10 0.975
2005 10 0.98
2006 10 0.985
2007 10 0.99
2008 10 0.995
2009 10 1
