0.06679,0.06679,0.06679,0.06679,0.06679,0.06679,0.06647,0.06647,0.06647,0.06647,0.06647,0.06541,0.06476,0.06476,0.06476,0.06476,0.06476,0.06476,0.06476,0.06476
0.06137,0.06137,0.06140,0.06140,0.06140,0.06140,0.06140,0.06140,0.06140,0.06140,0.06140,0.06140,0.06140,0.06140,0.06140,0.06140,0.06140,0.06140,0.06140,0.06140
0.06273,0.06273,0.06273,0.06338,0.06338,0.06338,0.06338,0.06338,0.06338,0.06338,0.06480,0.06480,0.06480,0.06445,0.06445,0.06445,0.06445,0.06334,0.06334,0.06334
0.08078,0.08078,0.08078,0.08102,0.08102,0.08102,0.08102,0.08102,0.08102,0.08129,0.08109,0.08143,0.08143,0.08132,0.08132,0.08132,0.08132,0.08132,0.08132,0.08161
0.04883,0.04883,0.04883,0.04883,0.04883,0.04883,0.04883,0.04883,0.04883,0.04883,0.04883,0.04883,0.04883,0.04883,0.04883,0.04883,0.04883,0.04883,0.04883,0.04883
0.08199,0.08193,0.08274,0.08274,0.08162,0.08162,0.08162,0.08162,0.08164,0.08164,0.08385,0.08385,0.08385,0.08477,0.08411,0.08241,0.08241,0.08241,0.08241,0.08241
0.07374,0.07374,0.07374,0.07374,0.07371,0.07371,0.07371,0.07226,0.07226,0.07226,0.07226,0.07070,0.07070,0.07070,0.07070,0.07021,0.07021,0.07021,0.07021,0.07021
0.05992,0.05992,0.05992,0.05992,0.06136,0.06136,0.06136,0.06136,0.06136,0.06136,0.06136,0.06136,0.06179,0.06179,0.06168,0.06168,0.06168,0.06168,0.06168,0.06316
0.06884,0.06884,0.06884,0.06884,0.06884,0.06884,0.06905,0.06905,0.06783,0.06896,0.06896,0.06896,0.06896,0.06896,0.06896,0.06896,0.06845,0.06845,0.06845,0.06845
0.07537,0.07537,0.07537,0.07537,0.07537,0.07620,0.07620,0.07624,0.07660,0.07660,0.07660,0.07660,0.07660,0.07660,0.07660,0.07828,0.07828,0.07828,0.07828,0.07828
0.04929,0.04929,0.04929,0.04855,0.04855,0.04855,0.04855,0.04855,0.04855,0.04911,0.04911,0.04911,0.04911,0.04911,0.04911,0.04911,0.04911,0.04911,0.04911,0.04916
0.93345,0.93345,0.93345,0.93345,0.93345,0.93345,0.93345,0.93345,0.93345,0.93345,0.93345,0.93345,0.93345,0.93345,0.93345,0.93345,0.93309,0.93309,0.93309,0.93309
0.06905,0.06905,0.06905,0.06905,0.06905,0.06905,0.06905,0.06905,0.06905,0.06905,0.06905,0.06905,0.06905,0.06905,0.06905,0.06905,0.06905,0.06905,0.06905,0.06905
0.05756,0.05756,0.05756,0.05756,0.05756,0.05756,0.05756,0.05756,0.05887,0.05945,0.05945,0.05945,0.05945,0.05945,0.05879,0.05957,0.05938,0.05938,0.05938,0.05938
0.05787,0.05787,0.05787,0.05787,0.05787,0.05787,0.05787,0.05787,0.05787,0.05841,0.05841,0.05942,0.05942,0.05942,0.05861,0.05861,0.05861,0.05867,0.05867,0.05796
0.06440,0.06440,0.06440,0.06440,0.06475,0.06475,0.06468,0.06468,0.06468,0.06468,0.06309,0.06309,0.06203,0.06203,0.06118,0.06118,0.06118,0.06118,0.06118,0.06118
0.94675,0.94675,0.94675,0.94675,0.94675,0.94675,0.94675,0.94675,0.94675,0.94675,0.94675,0.94675,0.94675,0.94675,0.94675,0.94675,0.94675,0.94675,0.94675,0.94675
0.89970,0.89970,0.89970,0.89986,0.89986,0.89986,0.89986,0.89971,0.89971,0.89971,0.89971,0.89971,0.89971,0.89971,0.89971,0.89971,0.89971,0.89971,0.89971,0.89971
0.88968,0.88968,0.88968,0.88716,0.88716,0.88708,0.88708,0.88708,0.88708,0.88708,0.88708,0.88708,0.88708,0.88708,0.88708,0.88708,0.88708,0.88708,0.88577,0.88577
0.91029,0.91029,0.91029,0.91029,0.91029,0.91029,0.90985,0.90985,0.91042,0.91042,0.91091,0.91091,0.91091,0.91091,0.91091,0.91091,0.91091,0.91091,0.91091,0.91091
0.82377,0.82377,0.82377,0.82533,0.82533,0.82533,0.82602,0.82602,0.82602,0.82602,0.82602,0.82602,0.82602,0.82497,0.82497,0.82497,0.82497,0.82497,0.82497,0.82497
0.90633,0.90610,0.90610,0.90610,0.90610,0.90662,0.90662,0.90662,0.90662,0.90662,0.90662,0.90662,0.90662,0.90703,0.90703,0.90703,0.90703,0.90703,0.90703,0.90703
0.70574,0.70574,0.70574,0.70574,0.70574,0.70600,0.70600,0.70672,0.70725,0.70726,0.70726,0.70588,0.70466,0.70466,0.70466,0.70572,0.70574,0.70570,0.70570,0.70570
0.70732,0.70737,0.70980,0.71096,0.71369,0.71438,0.71469,0.71469,0.71534,0.71534,0.71534,0.71724,0.71633,0.71633,0.71633,0.71522,0.71522,0.71280,0.71189,0.71189
0.65202,0.65202,0.64772,0.64907,0.65035,0.64650,0.64486,0.64648,0.65748,0.65880,0.65880,0.65880,0.66185,0.66185,0.67164,0.67164,0.66624,0.66550,0.66550,0.66033
0.71893,0.71908,0.71751,0.71751,0.71861,0.71807,0.71911,0.72474,0.73446,0.73446,0.73446,0.73446,0.73643,0.73643,0.73875,0.73875,0.73887,0.73887,0.73920,0.73967
0.71968,0.72250,0.72065,0.72065,0.72065,0.71857,0.71857,0.72059,0.71725,0.71872,0.71837,0.71837,0.71837,0.71837,0.71830,0.71830,0.71838,0.71750,0.71750,0.71750
0.73409,0.73409,0.73409,0.73409,0.73346,0.73105,0.73003,0.73003,0.72926,0.73238,0.73238,0.73238,0.73879,0.73603,0.73603,0.73603,0.73351,0.73351,0.73351,0.73283
0.71214,0.71214,0.70961,0.70739,0.70603,0.70694,0.70694,0.70642,0.70642,0.70642,0.70642,0.70952,0.70952,0.70952,0.71003,0.71003,0.71736,0.71736,0.71736,0.71369
0.74131,0.73612,0.73748,0.73949,0.74116,0.74116,0.74116,0.74067,0.74067,0.74067,0.73951,0.73951,0.73951,0.73951,0.74116,0.73981,0.73909,0.74052,0.74052,0.74052
0.71268,0.71338,0.71386,0.71564,0.71757,0.71757,0.71813,0.72104,0.72386,0.72386,0.72541,0.72541,0.72541,0.72509,0.72209,0.72209,0.72454,0.72454,0.72454,0.72070
0.74227,0.74227,0.74227,0.73928,0.73772,0.74007,0.74083,0.73970,0.74130,0.74103,0.73853,0.73853,0.73853,0.73853,0.74197,0.74092,0.74069,0.74531,0.74531,0.74354
0.70509,0.70429,0.70429,0.70429,0.70429,0.70101,0.70285,0.70151,0.69916,0.69916,0.70462,0.70805,0.70418,0.70506,0.70006,0.70006,0.70006,0.70957,0.70656,0.70656
0.74631,0.74631,0.74374,0.74374,0.74313,0.74313,0.74165,0.73922,0.73922,0.73727,0.73813,0.73813,0.73813,0.73813,0.73813,0.74433,0.74018,0.73394,0.73657,0.73498
0.69268,0.70037,0.70037,0.70037,0.70037,0.70026,0.69677,0.69677,0.69677,0.69677,0.69677,0.70008,0.70015,0.70015,0.70015,0.70376,0.70376,0.69648,0.69648,0.69648
0.69446,0.70507,0.70507,0.70021,0.70021,0.70021,0.70656,0.70656,0.70671,0.70671,0.70208,0.70208,0.70717,0.70717,0.70717,0.70882,0.70899,0.70204,0.70167,0.70167
0.69264,0.69264,0.69940,0.69940,0.69855,0.69855,0.69855,0.69855,0.69846,0.69746,0.69779,0.69197,0.69197,0.69273,0.69739,0.69865,0.69791,0.69825,0.69982,0.69982
0.71418,0.71418,0.71418,0.71418,0.71418,0.70770,0.70770,0.70248,0.70306,0.70758,0.70758,0.70675,0.70109,0.70109,0.70158,0.70158,0.70198,0.70665,0.70665,0.70361
0.70286,0.71170,0.71170,0.71170,0.71641,0.71641,0.71641,0.71641,0.71279,0.71279,0.71735,0.71735,0.71735,0.71694,0.71530,0.71530,0.71530,0.71359,0.71359,0.71359
0.70260,0.69979,0.69976,0.70172,0.70080,0.70686,0.70703,0.70704,0.70465,0.70361,0.70674,0.71132,0.71372,0.71414,0.71610,0.71610,0.71610,0.71547,0.71547,0.71431
0.70136,0.69866,0.69866,0.69341,0.69323,0.69323,0.69323,0.69888,0.69759,0.69759,0.69937,0.69937,0.69801,0.69710,0.69710,0.69710,0.69710,0.69860,0.69860,0.69768
0.68899,0.68490,0.68423,0.68137,0.68137,0.68137,0.68137,0.68137,0.68345,0.68345,0.68439,0.68439,0.68704,0.68702,0.68782,0.68718,0.68718,0.69034,0.68527,0.68527
0.71030,0.71030,0.71128,0.70956,0.71142,0.71142,0.71142,0.71142,0.71142,0.70336,0.70530,0.70479,0.70479,0.70479,0.70903,0.71085,0.71085,0.71085,0.71049,0.71213
0.70083,0.68909,0.69181,0.69181,0.69108,0.69375,0.69289,0.69416,0.69555,0.69555,0.70831,0.70831,0.70831,0.70565,0.70565,0.70565,0.70852,0.70633,0.70488,0.70488
0.70087,0.69949,0.69949,0.70226,0.70126,0.70009,0.70009,0.70009,0.70194,0.70148,0.70435,0.70480,0.70480,0.70387,0.70212,0.70212,0.70212,0.70212,0.69995,0.70133
0.71890,0.71890,0.71929,0.71929,0.71929,0.71599,0.71599,0.71431,0.71671,0.71940,0.71940,0.71771,0.71992,0.71992,0.72202,0.72202,0.72047,0.72488,0.72488,0.72358
0.69669,0.69669,0.69605,0.69110,0.69510,0.69228,0.69228,0.69228,0.69228,0.69228,0.69028,0.69028,0.68854,0.69016,0.68811,0.68811,0.68811,0.68933,0.68709,0.68709
0.73966,0.74390,0.74390,0.74390,0.74390,0.74206,0.74014,0.74014,0.74014,0.74014,0.74014,0.74172,0.74172,0.74117,0.74117,0.74117,0.74184,0.74061,0.74061,0.74061
0.70762,0.70723,0.70317,0.70694,0.70694,0.70694,0.70694,0.70687,0.70693,0.70931,0.70761,0.70761,0.71246,0.71348,0.71479,0.71566,0.71566,0.71566,0.71863,0.72357
0.73998,0.73998,0.74043,0.74043,0.74043,0.74043,0.74043,0.74043,0.73555,0.73344,0.73413,0.73413,0.73413,0.73048,0.73048,0.73048,0.73151,0.73151,0.73151,0.73053
0.74142,0.74142,0.74142,0.74375,0.74333,0.74333,0.74333,0.74333,0.74633,0.74457,0.74147,0.74147,0.74960,0.74960,0.74863,0.74863,0.74863,0.74863,0.74788,0.74788
0.74258,0.73705,0.73759,0.73759,0.73759,0.73759,0.74062,0.74460,0.74356,0.74356,0.74356,0.74481,0.75023,0.75023,0.75023,0.75513,0.75513,0.75513,0.75513,0.75513
0.69026,0.68946,0.68946,0.68549,0.68776,0.68614,0.68661,0.68661,0.68661,0.68661,0.68661,0.68661,0.69209,0.69209,0.69209,0.69209,0.69209,0.69376,0.69376,0.69376
0.67368,0.67758,0.67800,0.67789,0.67282,0.67282,0.67655,0.67597,0.67597,0.67597,0.67597,0.67753,0.67113,0.66944,0.67460,0.67460,0.66775,0.66865,0.68105,0.68105
0.69663,0.69663,0.69748,0.69774,0.69809,0.70105,0.70105,0.70105,0.69612,0.69569,0.69712,0.69712,0.69712,0.69712,0.69712,0.69108,0.69108,0.69108,0.69108,0.69108
0.71785,0.72478,0.72612,0.72749,0.72749,0.72749,0.72548,0.72548,0.72278,0.72278,0.72131,0.72131,0.72170,0.72241,0.72204,0.72204,0.72204,0.72220,0.72108,0.72108
0.75085,0.75187,0.75187,0.74583,0.74583,0.74583,0.75261,0.74991,0.74991,0.75227,0.75202,0.75202,0.75143,0.74966,0.74966,0.74521,0.74521,0.74521,0.74507,0.74507
0.67881,0.67980,0.67980,0.66996,0.66936,0.67019,0.67019,0.67234,0.67297,0.67651,0.67490,0.67490,0.67328,0.67454,0.66912,0.66834,0.66227,0.66374,0.66483,0.66538
0.70857,0.70857,0.70919,0.70919,0.70919,0.71042,0.71066,0.71066,0.71066,0.71066,0.71133,0.71204,0.71204,0.71204,0.71297,0.71297,0.71482,0.70966,0.70966,0.70966
0.68027,0.67614,0.67614,0.67614,0.67684,0.67907,0.67834,0.67505,0.67505,0.67362,0.67666,0.67869,0.67396,0.67396,0.67690,0.67714,0.67770,0.67770,0.67770,0.67886
0.71015,0.71015,0.70631,0.70510,0.69656,0.69656,0.69656,0.68952,0.68456,0.68456,0.69034,0.69034,0.69355,0.68650,0.68650,0.68650,0.68650,0.68650,0.67916,0.67470
0.75333,0.75451,0.75277,0.75361,0.75361,0.75361,0.75200,0.75200,0.75061,0.75061,0.74879,0.74879,0.74879,0.74737,0.75186,0.75186,0.75391,0.75238,0.75238,0.74946
0.66448,0.66306,0.66476,0.66637,0.66701,0.66867,0.67631,0.68106,0.67931,0.68089,0.67742,0.68103,0.68103,0.68045,0.68045,0.68045,0.68045,0.67661,0.67661,0.66879
0.70113,0.70113,0.70280,0.70182,0.69725,0.69701,0.68424,0.68584,0.68901,0.68901,0.68901,0.69115,0.69115,0.69115,0.69115,0.69115,0.68443,0.68587,0.68587,0.68587
0.72061,0.72061,0.72093,0.72093,0.72093,0.72093,0.72093,0.72093,0.72133,0.72133,0.72133,0.72067,0.72067,0.72443,0.72519,0.71722,0.71722,0.71206,0.71206,0.71206
0.71398,0.71398,0.71167,0.71155,0.70989,0.70610,0.70610,0.70417,0.70464,0.70545,0.70589,0.70589,0.70462,0.70235,0.70179,0.70179,0.70530,0.70530,0.70530,0.70530
0.68165,0.67892,0.67892,0.68549,0.68549,0.69324,0.69336,0.69177,0.69111,0.69111,0.69111,0.69111,0.68890,0.68932,0.69156,0.69507,0.69507,0.69615,0.69426,0.69654
0.69543,0.69543,0.69715,0.69864,0.69790,0.69790,0.69882,0.69888,0.69566,0.69566,0.69539,0.69288,0.68726,0.68726,0.69161,0.69161,0.68946,0.68946,0.68946,0.68946
0.69352,0.69069,0.68845,0.69029,0.68590,0.68590,0.68296,0.68581,0.68355,0.68869,0.68869,0.68943,0.68943,0.68290,0.68290,0.68413,0.68363,0.68363,0.68553,0.68553
0.94011,0.94011,0.94011,0.94011,0.94011,0.94011,0.94011,0.94011,0.94011,0.94011,0.94011,0.94054,0.94049,0.94049,0.94049,0.94049,0.94036,0.94036,0.94036,0.94036
0.91319,0.91319,0.91319,0.91319,0.91319,0.91319,0.91280,0.91280,0.91280,0.91280,0.91280,0.91259,0.91259,0.91259,0.91259,0.91289,0.91280,0.91280,0.91280,0.91280
0.93430,0.93430,0.93430,0.93430,0.93430,0.93376,0.93416,0.93416,0.93416,0.93416,0.93416,0.93429,0.93429,0.93429,0.93429,0.93429,0.93429,0.93429,0.93429,0.93429
0.92879,0.92879,0.92879,0.92879,0.92879,0.92879,0.92879,0.92879,0.92879,0.92879,0.92915,0.92915,0.92915,0.92915,0.92915,0.92892,0.92892,0.92892,0.92892,0.92848
0.93089,0.93089,0.93089,0.93089,0.93089,0.93089,0.93089,0.93089,0.93089,0.93139,0.93139,0.93139,0.93139,0.93139,0.93139,0.93139,0.93139,0.93139,0.93139,0.93139
0.93377,0.93377,0.93377,0.93377,0.93377,0.93377,0.93377,0.93377,0.93377,0.93377,0.93517,0.93549,0.93549,0.93549,0.93549,0.93549,0.93549,0.93549,0.93549,0.93549
0.92724,0.92724,0.92652,0.92652,0.92652,0.92652,0.92652,0.92652,0.92618,0.92618,0.92618,0.92618,0.92618,0.92618,0.92618,0.92697,0.92697,0.92697,0.92697,0.92720
0.93110,0.93110,0.93138,0.93138,0.93138,0.93082,0.93082,0.93082,0.93082,0.93082,0.93082,0.93082,0.93082,0.93082,0.93082,0.93082,0.93082,0.93082,0.93082,0.93082
0.93439,0.93439,0.93439,0.93439,0.93439,0.93439,0.93439,0.93439,0.93439,0.93439,0.93439,0.93439,0.93439,0.93439,0.93439,0.93439,0.93439,0.93439,0.93439,0.93439
0.93350,0.93350,0.93350,0.93350,0.93350,0.93350,0.93402,0.93402,0.93402,0.93402,0.93402,0.93417,0.93417,0.93417,0.93417,0.93417,0.93417,0.93417,0.93417,0.93417
0.93466,0.93466,0.93466,0.93466,0.93466,0.93466,0.93535,0.93535,0.93535,0.93535,0.93516,0.93516,0.93516,0.93516,0.93516,0.93516,0.93516,0.93516,0.93516,0.93516
0.93381,0.93381,0.93381,0.93381,0.93381,0.93381,0.93381,0.93381,0.93381,0.93381,0.93381,0.93381,0.93381,0.93381,0.93381,0.93381,0.93335,0.93335,0.93335,0.93335
0.93156,0.93156,0.93156,0.93156,0.93156,0.93220,0.93220,0.93253,0.93126,0.93126,0.93126,0.93126,0.93126,0.93126,0.93126,0.93126,0.93126,0.93126,0.93126,0.93126
0.86528,0.86528,0.86528,0.86528,0.86528,0.86528,0.86660,0.86876,0.86913,0.87062,0.87062,0.87062,0.87029,0.87029,0.87029,0.87029,0.87008,0.87008,0.87008,0.87008
0.89552,0.89591,0.89591,0.89591,0.89591,0.89591,0.89591,0.89591,0.89591,0.89591,0.89591,0.89591,0.89591,0.89591,0.89591,0.89591,0.89591,0.89591,0.89591,0.89591
0.88769,0.88769,0.88744,0.88744,0.88744,0.88744,0.88744,0.88744,0.88744,0.88744,0.88653,0.88653,0.88653,0.88653,0.88653,0.88653,0.88653,0.88653,0.88678,0.88678
0.86843,0.86843,0.86901,0.86901,0.86901,0.86912,0.86912,0.86912,0.86966,0.86966,0.86966,0.86966,0.86966,0.87014,0.87014,0.87014,0.87014,0.87014,0.87014,0.87014
0.90744,0.90744,0.90744,0.90744,0.90744,0.90732,0.90732,0.90732,0.90732,0.90732,0.90732,0.90732,0.90732,0.90732,0.90732,0.90732,0.90732,0.90732,0.90719,0.90719
0.90298,0.90298,0.90280,0.90280,0.90280,0.90280,0.90280,0.90280,0.90280,0.90280,0.90280,0.90110,0.90110,0.90110,0.90110,0.90122,0.90245,0.90245,0.90245,0.90219
0.92376,0.92376,0.92376,0.92376,0.92376,0.92376,0.92376,0.92376,0.92414,0.92414,0.92410,0.92410,0.92410,0.92410,0.92410,0.92410,0.92410,0.92410,0.92410,0.92410
0.91734,0.91734,0.91734,0.91734,0.91734,0.91734,0.91734,0.91734,0.91805,0.91805,0.91805,0.91805,0.91805,0.91805,0.91805,0.91805,0.91805,0.91805,0.91805,0.91805
0.91986,0.92003,0.92003,0.92003,0.92003,0.92003,0.92003,0.92003,0.92003,0.92003,0.92003,0.92003,0.92003,0.92003,0.92003,0.92003,0.92003,0.92003,0.92003,0.92007
0.91529,0.91529,0.91547,0.91547,0.91547,0.91524,0.91524,0.91571,0.91571,0.91571,0.91571,0.91574,0.91574,0.91574,0.91574,0.91574,0.91574,0.91685,0.91685,0.91685
0.90064,0.90064,0.90064,0.90064,0.90064,0.90147,0.90147,0.90147,0.90147,0.90147,0.90147,0.90147,0.90147,0.90147,0.90147,0.90147,0.90127,0.90127,0.90127,0.90127
0.90621,0.90625,0.90769,0.90769,0.90769,0.90769,0.90769,0.90769,0.90862,0.90862,0.90862,0.90862,0.90862,0.90862,0.90862,0.90862,0.90862,0.90862,0.90862,0.90862
0.91514,0.91514,0.91514,0.91514,0.91514,0.91514,0.91623,0.91623,0.91623,0.91623,0.91623,0.91589,0.91589,0.91589,0.91589,0.91589,0.91589,0.91589,0.91589,0.91589
0.90754,0.90754,0.90754,0.90754,0.90754,0.90754,0.90754,0.90754,0.90754,0.90754,0.90754,0.90754,0.90754,0.90754,0.90754,0.90754,0.90818,0.90818,0.90818,0.90818
0.90047,0.90047,0.90047,0.90047,0.90047,0.90047,0.90092,0.90092,0.90092,0.90092,0.90092,0.90092,0.90092,0.90092,0.90092,0.90092,0.90092,0.90076,0.90076,0.90076
0.85362,0.85362,0.85362,0.85329,0.85182,0.85178,0.85178,0.85178,0.85178,0.85178,0.85178,0.85063,0.85063,0.85063,0.85063,0.85089,0.85089,0.85089,0.85089,0.85089
0.85362,0.85362,0.85362,0.85362,0.85362,0.85362,0.85362,0.85362,0.85362,0.85362,0.85362,0.85362,0.85239,0.85239,0.85239,0.85239,0.85239,0.85048,0.85048,0.85048
0.93484,0.93484,0.93484,0.93484,0.93484,0.93484,0.93484,0.93484,0.93484,0.93484,0.93484,0.93484,0.93484,0.93484,0.93484,0.93484,0.93484,0.93484,0.93484,0.93484
0.91533,0.91533,0.91533,0.91533,0.91533,0.91539,0.91539,0.91539,0.91539,0.91539,0.91539,0.91539,0.91539,0.91539,0.91539,0.91539,0.91539,0.91539,0.91539,0.91539
0.92793,0.92793,0.92793,0.92793,0.92779,0.92798,0.92798,0.92798,0.92798,0.92798,0.92798,0.92798,0.92798,0.92735,0.92735,0.92774,0.92774,0.92774,0.92774,0.92774
0.93096,0.93097,0.93097,0.93086,0.93086,0.93147,0.93147,0.93147,0.93202,0.93202,0.93202,0.93202,0.93202,0.93202,0.93202,0.93202,0.93136,0.93136,0.93136,0.93136
0.93957,0.93957,0.93957,0.93957,0.93957,0.93957,0.93957,0.93957,0.93976,0.93976,0.93976,0.93976,0.93976,0.93976,0.93976,0.93976,0.93976,0.93976,0.93976,0.93976
0.93581,0.93581,0.93649,0.93649,0.93649,0.93649,0.93649,0.93649,0.93649,0.93649,0.93649,0.93649,0.93649,0.93649,0.93649,0.93649,0.93649,0.93649,0.93649,0.93574
0.92001,0.92001,0.92001,0.92001,0.92001,0.92001,0.92023,0.92023,0.92023,0.92023,0.91974,0.91974,0.92088,0.92088,0.92088,0.92107,0.92107,0.92107,0.92107,0.92107
