0.07481,0.07481,0.07481,0.07481,0.07481,0.07481,0.07545,0.07618,0.07548,0.07548,0.07548,0.07548,0.07548,0.07548,0.07548,0.07548,0.07548,0.07548,0.07548,0.07548
0.04887,0.04887,0.04887,0.04887,0.04887,0.04887,0.04887,0.04887,0.04867,0.04867,0.04867,0.04867,0.04909,0.04909,0.04861,0.04861,0.04861,0.04807,0.04807,0.04807
0.04680,0.04680,0.04680,0.04680,0.04680,0.04655,0.04655,0.04655,0.04655,0.04655,0.04655,0.04655,0.04655,0.04655,0.04655,0.04655,0.04655,0.04655,0.04652,0.04624
0.06541,0.06541,0.06541,0.06541,0.06541,0.06541,0.06541,0.06541,0.06524,0.06524,0.06524,0.06524,0.06524,0.06524,0.06524,0.06581,0.06463,0.06463,0.06463,0.06463
0.05176,0.05176,0.05176,0.05215,0.05215,0.05215,0.05215,0.05215,0.05215,0.05243,0.05243,0.05250,0.05250,0.05250,0.05250,0.05250,0.05250,0.05250,0.05250,0.05250
0.07217,0.07217,0.07217,0.07228,0.07228,0.07228,0.07228,0.07247,0.07247,0.07247,0.07217,0.07271,0.07271,0.07271,0.07271,0.07271,0.07271,0.07271,0.07271,0.07271
0.08856,0.09137,0.08956,0.08989,0.08989,0.08989,0.08989,0.08989,0.08898,0.08898,0.08898,0.08898,0.08898,0.08898,0.08898,0.08898,0.08898,0.08898,0.08891,0.08891
0.06207,0.06207,0.06207,0.06263,0.06263,0.06263,0.06263,0.06175,0.06175,0.06175,0.06175,0.06175,0.06175,0.06175,0.06175,0.06175,0.06175,0.06175,0.06175,0.06175
0.07879,0.07863,0.07922,0.07922,0.08005,0.08005,0.08053,0.08053,0.07943,0.07941,0.07878,0.07878,0.07878,0.07878,0.07878,0.07883,0.07883,0.07883,0.07915,0.07915
0.07625,0.07625,0.07625,0.07625,0.07747,0.07748,0.07748,0.07748,0.07653,0.07653,0.07653,0.07653,0.07653,0.07653,0.07653,0.07616,0.07616,0.07602,0.07602,0.07602
0.05466,0.05466,0.05466,0.05527,0.05475,0.05475,0.05475,0.05475,0.05475,0.05475,0.05475,0.05475,0.05475,0.05475,0.05475,0.05345,0.05345,0.05345,0.05345,0.05345
0.94013,0.94013,0.94013,0.94013,0.94013,0.94013,0.94013,0.94013,0.94013,0.94013,0.94013,0.94013,0.94088,0.94088,0.94088,0.94088,0.94088,0.94088,0.94088,0.94088
0.06380,0.06380,0.06380,0.06380,0.06380,0.06380,0.06297,0.06297,0.06297,0.06297,0.06266,0.06266,0.06337,0.06337,0.06291,0.06291,0.06291,0.06291,0.06291,0.06291
0.05998,0.05998,0.05998,0.05998,0.05998,0.05998,0.05998,0.05998,0.05998,0.05998,0.05998,0.05998,0.06042,0.06018,0.06018,0.06018,0.06018,0.06018,0.06018,0.06018
0.05078,0.05078,0.05076,0.05076,0.05076,0.05076,0.05076,0.05076,0.05076,0.05111,0.05111,0.05111,0.05111,0.05111,0.05111,0.05111,0.05111,0.05105,0.05105,0.05105
0.07055,0.07055,0.07055,0.07055,0.07055,0.07064,0.07064,0.07064,0.07064,0.07064,0.07064,0.07064,0.07064,0.07064,0.07064,0.07064,0.07064,0.07064,0.07038,0.07038
0.94307,0.94307,0.94307,0.94307,0.94307,0.94307,0.94307,0.94307,0.94307,0.94307,0.94307,0.94307,0.94286,0.94286,0.94286,0.94286,0.94286,0.94286,0.94286,0.94286
0.89453,0.89453,0.89453,0.89453,0.89453,0.89453,0.89453,0.89453,0.89453,0.89419,0.89514,0.89514,0.89514,0.89514,0.89514,0.89514,0.89514,0.89514,0.89514,0.89514
0.89630,0.89630,0.89630,0.89630,0.89648,0.89648,0.89648,0.89648,0.89648,0.89648,0.89648,0.89648,0.89648,0.89648,0.89641,0.89641,0.89683,0.89683,0.89683,0.89683
0.91011,0.91011,0.91011,0.91011,0.91011,0.91011,0.91011,0.91011,0.91011,0.91011,0.91011,0.91011,0.91011,0.91011,0.91011,0.91011,0.91011,0.91011,0.91011,0.91011
0.83410,0.83410,0.83268,0.83404,0.83116,0.82701,0.82701,0.82701,0.82701,0.82701,0.82701,0.82701,0.82701,0.82701,0.82673,0.82673,0.82673,0.82673,0.82673,0.82710
0.89297,0.89297,0.89297,0.89297,0.89219,0.89219,0.89219,0.89219,0.89110,0.89110,0.89110,0.89110,0.89110,0.89110,0.89110,0.89091,0.89091,0.89091,0.89091,0.89091
0.72099,0.72555,0.72555,0.72541,0.72541,0.71577,0.71577,0.72171,0.72284,0.72284,0.72284,0.72284,0.72051,0.71672,0.71989,0.72412,0.72295,0.72445,0.72445,0.72024
0.73262,0.73262,0.73262,0.73262,0.71819,0.71819,0.71819,0.71819,0.71836,0.72051,0.71287,0.70705,0.70367,0.70268,0.69878,0.69775,0.69775,0.69775,0.70058,0.70058
0.67612,0.67578,0.66805,0.66805,0.66805,0.66572,0.66398,0.66398,0.66418,0.66909,0.67214,0.66689,0.66689,0.66809,0.66808,0.67167,0.66255,0.66255,0.65869,0.65869
0.69643,0.69654,0.69654,0.70033,0.70033,0.70091,0.70091,0.70085,0.70423,0.70523,0.70523,0.69942,0.69814,0.70341,0.70860,0.70791,0.70791,0.70451,0.70016,0.70334
0.70060,0.70121,0.70322,0.70322,0.70285,0.69759,0.70081,0.70081,0.70112,0.70112,0.70112,0.70117,0.70453,0.69997,0.69997,0.70373,0.70556,0.70494,0.70732,0.70468
0.74933,0.74988,0.74313,0.74313,0.74366,0.74366,0.74483,0.74483,0.74399,0.74175,0.74276,0.74276,0.74324,0.74324,0.74314,0.74332,0.74332,0.74381,0.74630,0.74630
0.72054,0.72054,0.72054,0.72054,0.72054,0.72054,0.72388,0.72388,0.72388,0.72446,0.71891,0.71891,0.71891,0.71697,0.71607,0.71607,0.71607,0.71668,0.71117,0.71148
0.76549,0.76733,0.76810,0.76810,0.76605,0.76605,0.76725,0.76385,0.76028,0.76028,0.75836,0.75836,0.75756,0.75756,0.75729,0.75729,0.75729,0.75527,0.75135,0.74356
0.73773,0.73737,0.73737,0.73737,0.73737,0.73737,0.73737,0.73737,0.73737,0.73737,0.73613,0.73613,0.73736,0.73724,0.73486,0.73486,0.73640,0.73640,0.74041,0.74217
0.79146,0.79146,0.79146,0.79146,0.79146,0.79146,0.79146,0.79146,0.79459,0.79476,0.79491,0.79524,0.79964,0.79761,0.79769,0.79933,0.79933,0.79933,0.79933,0.79933
0.73789,0.73825,0.73825,0.73559,0.73559,0.73559,0.72981,0.72947,0.72865,0.72905,0.72922,0.72874,0.72874,0.72677,0.72677,0.72623,0.72664,0.72664,0.72370,0.72402
0.75249,0.74985,0.74985,0.74985,0.75088,0.75088,0.75088,0.75088,0.75088,0.75185,0.75007,0.74928,0.75144,0.75345,0.75524,0.75657,0.75409,0.75409,0.75409,0.75409
0.71857,0.71844,0.71627,0.71627,0.72233,0.72016,0.72016,0.72016,0.72016,0.72026,0.72137,0.72002,0.72002,0.71825,0.71309,0.71658,0.71814,0.71814,0.71814,0.71883
0.71528,0.71528,0.71528,0.71528,0.71528,0.71528,0.71528,0.71528,0.71528,0.71920,0.71920,0.71920,0.71920,0.71920,0.72336,0.72336,0.72301,0.72642,0.72772,0.72545
0.69611,0.69611,0.69889,0.70037,0.70686,0.70686,0.70686,0.70686,0.70814,0.70814,0.70832,0.71176,0.71175,0.71376,0.71376,0.71635,0.71635,0.70994,0.70994,0.71003
0.72919,0.73237,0.73581,0.73581,0.73581,0.73059,0.72805,0.72805,0.72805,0.72805,0.72751,0.72751,0.72481,0.72481,0.72481,0.72510,0.72510,0.72271,0.72575,0.72717
0.70905,0.70750,0.71074,0.71508,0.71475,0.71475,0.71475,0.71475,0.71812,0.72159,0.72159,0.72629,0.72629,0.72629,0.72629,0.72558,0.72558,0.72646,0.73024,0.73024
0.70224,0.69882,0.69882,0.69670,0.70451,0.70468,0.70554,0.70095,0.70564,0.70402,0.70402,0.70513,0.71326,0.71326,0.71679,0.71697,0.71697,0.71697,0.72142,0.72142
0.71024,0.69977,0.70291,0.70291,0.70621,0.70341,0.70341,0.70341,0.70117,0.70696,0.71003,0.71348,0.70944,0.70275,0.70281,0.70384,0.70384,0.70994,0.70994,0.70963
0.69262,0.69584,0.69558,0.69774,0.69698,0.69687,0.69962,0.69962,0.70050,0.69533,0.69533,0.70057,0.69628,0.69628,0.70450,0.70450,0.70498,0.70064,0.70082,0.70082
0.70233,0.70631,0.70631,0.70631,0.71295,0.71295,0.71295,0.71295,0.71247,0.71247,0.71588,0.71588,0.71997,0.72174,0.72174,0.72092,0.72092,0.72092,0.72288,0.72242
0.71932,0.72072,0.72072,0.72072,0.72072,0.72045,0.72045,0.72045,0.72045,0.72397,0.72397,0.72876,0.72475,0.72707,0.72429,0.72059,0.72059,0.71922,0.71445,0.71938
0.71739,0.71739,0.71721,0.71721,0.71721,0.71891,0.71265,0.71265,0.70920,0.71261,0.71254,0.71212,0.71212,0.70801,0.70801,0.70801,0.71277,0.71277,0.71277,0.71489
0.71357,0.71411,0.72079,0.72079,0.71651,0.72318,0.72318,0.72318,0.71825,0.71363,0.71025,0.71025,0.71578,0.71740,0.71740,0.71799,0.71799,0.71813,0.72199,0.72664
0.72287,0.72058,0.72114,0.72114,0.72150,0.72150,0.72150,0.72045,0.72045,0.72127,0.72087,0.72087,0.72087,0.72793,0.72793,0.72342,0.72233,0.72412,0.72412,0.72683
0.75862,0.75862,0.75862,0.75862,0.75707,0.75707,0.75707,0.75707,0.75707,0.75896,0.75700,0.75700,0.75700,0.75510,0.75627,0.75855,0.75855,0.75855,0.75855,0.75855
0.72964,0.72964,0.72964,0.72964,0.72979,0.72979,0.73205,0.73205,0.73205,0.73418,0.73430,0.73714,0.73714,0.73566,0.73566,0.73566,0.73332,0.73332,0.73061,0.73061
0.73659,0.73439,0.73787,0.73787,0.73787,0.73787,0.73787,0.73787,0.73860,0.74218,0.74281,0.74281,0.74281,0.74808,0.74808,0.75023,0.75023,0.75023,0.74786,0.75020
0.76437,0.76407,0.76407,0.76407,0.76407,0.76407,0.76407,0.76407,0.76407,0.76407,0.76407,0.76951,0.76616,0.76616,0.76918,0.76458,0.76379,0.76379,0.76379,0.76650
0.75179,0.74839,0.74773,0.74773,0.74309,0.74309,0.74309,0.74309,0.73936,0.75017,0.75488,0.75855,0.75730,0.75769,0.75834,0.75767,0.75767,0.75767,0.75767,0.75467
0.68933,0.69609,0.70280,0.70175,0.70175,0.70175,0.69676,0.69532,0.69440,0.69536,0.69979,0.69206,0.68086,0.68235,0.67308,0.67308,0.67308,0.66959,0.66439,0.66943
0.70254,0.70304,0.70959,0.70959,0.71131,0.71035,0.71257,0.70865,0.70709,0.70820,0.70768,0.70843,0.71189,0.71235,0.71235,0.70960,0.71288,0.71288,0.71288,0.71288
0.65801,0.65878,0.65728,0.65936,0.66660,0.66641,0.66660,0.66660,0.66660,0.66434,0.65961,0.65371,0.65947,0.66497,0.66992,0.67366,0.67496,0.67496,0.67496,0.68536
0.69959,0.70099,0.70099,0.70099,0.70099,0.70099,0.70018,0.70575,0.70575,0.70387,0.69652,0.69007,0.69007,0.69134,0.69134,0.68858,0.68849,0.68849,0.68867,0.68867
0.74803,0.75290,0.75290,0.75498,0.76121,0.76121,0.76320,0.76320,0.76320,0.76519,0.76725,0.76924,0.76924,0.76814,0.76814,0.76457,0.76213,0.76213,0.76213,0.76213
0.70981,0.71441,0.71441,0.71295,0.71285,0.71285,0.70833,0.70833,0.71062,0.71022,0.71322,0.71322,0.71075,0.71003,0.71003,0.70939,0.70939,0.70871,0.70625,0.70566
0.70573,0.70573,0.70433,0.70394,0.70394,0.70274,0.70846,0.70846,0.71125,0.70530,0.70267,0.70267,0.70120,0.70169,0.70169,0.70826,0.70870,0.71593,0.71593,0.71458
0.69390,0.69444,0.69631,0.69631,0.69631,0.69861,0.69887,0.70294,0.70392,0.70325,0.69985,0.69767,0.69672,0.69880,0.69664,0.69756,0.69795,0.69795,0.69795,0.70352
0.69080,0.68482,0.68382,0.68379,0.68379,0.68000,0.68000,0.68304,0.68898,0.69833,0.69833,0.69327,0.69400,0.69426,0.69016,0.68901,0.68901,0.68901,0.68901,0.69005
0.77878,0.77878,0.77789,0.77789,0.77789,0.77932,0.77932,0.77932,0.77932,0.78141,0.78127,0.78127,0.77916,0.77916,0.77916,0.77863,0.77863,0.77863,0.77863,0.77676
0.69908,0.69908,0.69686,0.69214,0.68915,0.69213,0.69596,0.69948,0.70040,0.70040,0.70322,0.70225,0.70098,0.70098,0.69826,0.69881,0.69392,0.69392,0.69392,0.70204
0.68470,0.68470,0.68610,0.68524,0.68401,0.68458,0.68673,0.68673,0.68673,0.68531,0.68451,0.68915,0.69513,0.69513,0.69464,0.69464,0.68807,0.68017,0.68017,0.68017
0.73594,0.73594,0.73594,0.73594,0.73594,0.73551,0.73551,0.72957,0.72671,0.72818,0.73245,0.73040,0.73040,0.72988,0.73005,0.72721,0.72597,0.72246,0.72246,0.72246
0.74908,0.74927,0.74927,0.74927,0.74991,0.74991,0.74991,0.74619,0.74619,0.74530,0.74866,0.74692,0.74692,0.74692,0.74692,0.74841,0.75077,0.75046,0.74829,0.74829
0.73526,0.73952,0.74149,0.74149,0.74404,0.74404,0.74404,0.74404,0.74404,0.74404,0.74231,0.73717,0.73717,0.73734,0.73457,0.73376,0.73376,0.73499,0.73545,0.73545
0.71855,0.72168,0.72168,0.72286,0.71792,0.71792,0.71895,0.71895,0.71766,0.71695,0.71695,0.71315,0.71081,0.71081,0.71081,0.70805,0.70695,0.70392,0.70566,0.71009
0.73515,0.73515,0.73422,0.73422,0.73712,0.73747,0.73763,0.73763,0.73927,0.74081,0.74081,0.74098,0.74130,0.74144,0.73816,0.73931,0.73554,0.72906,0.72358,0.72358
0.94356,0.94356,0.94356,0.94356,0.94356,0.94356,0.94363,0.94363,0.94363,0.94363,0.94365,0.94365,0.94365,0.94365,0.94365,0.94365,0.94365,0.94365,0.94365,0.94365
0.91755,0.91755,0.91755,0.91755,0.91755,0.91755,0.91755,0.91755,0.91755,0.91755,0.91755,0.91755,0.91755,0.91755,0.91755,0.91631,0.91631,0.91631,0.91631,0.91631
0.93106,0.93106,0.93106,0.93106,0.93106,0.93106,0.93106,0.93106,0.93106,0.93106,0.93106,0.93106,0.93106,0.93106,0.93106,0.93106,0.93106,0.93106,0.93106,0.93106
0.94051,0.94051,0.94051,0.94000,0.94000,0.94000,0.94000,0.94000,0.94000,0.94000,0.94000,0.94000,0.94000,0.94000,0.94000,0.94000,0.94000,0.94000,0.94000,0.94000
0.92926,0.92926,0.92926,0.92926,0.92926,0.92926,0.92926,0.92926,0.92926,0.92926,0.92926,0.92926,0.92926,0.92926,0.92926,0.92926,0.92890,0.92890,0.92890,0.92890
0.93643,0.93643,0.93643,0.93587,0.93587,0.93587,0.93587,0.93587,0.93587,0.93587,0.93631,0.93631,0.93631,0.93631,0.93631,0.93638,0.93605,0.93605,0.93605,0.93605
0.92918,0.92918,0.92918,0.92918,0.92918,0.92918,0.92918,0.92918,0.92918,0.92918,0.92940,0.92940,0.92940,0.92940,0.92940,0.92940,0.92921,0.92921,0.92921,0.92921
0.93531,0.93531,0.93531,0.93531,0.93531,0.93459,0.93521,0.93521,0.93521,0.93521,0.93521,0.93521,0.93521,0.93521,0.93521,0.93521,0.93521,0.93521,0.93521,0.93521
0.93785,0.93785,0.93785,0.93785,0.93785,0.93785,0.93785,0.93785,0.93785,0.93785,0.93785,0.93803,0.93803,0.93803,0.93803,0.93857,0.93857,0.93859,0.93859,0.93859
0.93297,0.93366,0.93366,0.93366,0.93360,0.93360,0.93360,0.93360,0.93360,0.93366,0.93366,0.93366,0.93366,0.93366,0.93368,0.93368,0.93368,0.93368,0.93368,0.93368
0.92863,0.92863,0.92863,0.92863,0.92863,0.92863,0.92863,0.92863,0.92863,0.92863,0.92863,0.92863,0.92863,0.92863,0.92863,0.92863,0.92863,0.92863,0.92863,0.92863
0.93703,0.93703,0.93703,0.93703,0.93703,0.93703,0.93703,0.93703,0.93703,0.93703,0.93703,0.93703,0.93703,0.93703,0.93696,0.93696,0.93696,0.93696,0.93696,0.93696
0.93831,0.93831,0.93831,0.93831,0.93796,0.93796,0.93796,0.93796,0.93796,0.93796,0.93805,0.93805,0.93805,0.93805,0.93805,0.93809,0.93809,0.93809,0.93809,0.93809
0.87717,0.87717,0.87717,0.87717,0.87801,0.87801,0.87801,0.87801,0.87801,0.87801,0.87801,0.87801,0.87801,0.87801,0.87696,0.87761,0.87761,0.87761,0.87761,0.87761
0.89379,0.89379,0.89379,0.89379,0.89379,0.89463,0.89463,0.89463,0.89463,0.89463,0.89463,0.89463,0.89463,0.89463,0.89463,0.89522,0.89522,0.89522,0.89522,0.89522
0.88857,0.88857,0.88857,0.88857,0.88857,0.88857,0.88857,0.88857,0.88857,0.88857,0.88857,0.88857,0.88857,0.88857,0.88857,0.88857,0.88857,0.88857,0.88857,0.88857
0.87377,0.87377,0.87377,0.87377,0.87377,0.87377,0.87331,0.87331,0.87331,0.87331,0.87319,0.87319,0.87319,0.87319,0.87319,0.87319,0.87319,0.87319,0.87319,0.87297
0.91170,0.91170,0.91170,0.91170,0.91170,0.91170,0.91170,0.91170,0.91101,0.91101,0.91114,0.91114,0.91114,0.91114,0.91114,0.91114,0.91114,0.91114,0.91114,0.91114
0.89804,0.89714,0.89714,0.89714,0.89711,0.89699,0.89699,0.89699,0.89699,0.89699,0.89699,0.89699,0.89699,0.89699,0.89699,0.89699,0.89710,0.89710,0.89710,0.89710
0.92373,0.92373,0.92373,0.92465,0.92610,0.92610,0.92610,0.92610,0.92610,0.92610,0.92699,0.92699,0.92699,0.92699,0.92699,0.92699,0.92699,0.92699,0.92730,0.92730
0.92177,0.92177,0.92214,0.92214,0.92214,0.92214,0.92214,0.92214,0.92214,0.92214,0.92214,0.92214,0.92214,0.92214,0.92214,0.92214,0.92214,0.92214,0.92214,0.92214
0.92177,0.92177,0.92177,0.92177,0.92177,0.92177,0.92177,0.92177,0.92177,0.92177,0.92181,0.92181,0.92181,0.92181,0.92181,0.92181,0.92181,0.92181,0.92181,0.92181
0.92361,0.92361,0.92361,0.92361,0.92361,0.92361,0.92361,0.92361,0.92361,0.92361,0.92361,0.92361,0.92361,0.92361,0.92361,0.92361,0.92361,0.92361,0.92361,0.92361
0.91181,0.91181,0.91181,0.91181,0.91181,0.91181,0.91181,0.91181,0.91181,0.91181,0.91181,0.91181,0.91181,0.91181,0.91181,0.91181,0.91181,0.91181,0.91181,0.91181
0.90165,0.90165,0.90165,0.90165,0.90165,0.90165,0.90165,0.90165,0.90165,0.90165,0.90165,0.90151,0.90151,0.90151,0.90151,0.89981,0.89981,0.89981,0.89981,0.89981
0.91565,0.91565,0.91565,0.91565,0.91565,0.91565,0.91565,0.91565,0.91565,0.91565,0.91669,0.91669,0.91669,0.91669,0.91669,0.91669,0.91669,0.91669,0.91669,0.91669
0.91173,0.91173,0.91173,0.91173,0.91173,0.91173,0.91173,0.91173,0.91173,0.91173,0.91173,0.91173,0.91173,0.91173,0.91173,0.91173,0.91173,0.91173,0.91173,0.91173
0.89965,0.89965,0.89965,0.89965,0.89965,0.89965,0.89965,0.89965,0.89965,0.89965,0.89965,0.89965,0.89965,0.89965,0.89965,0.89965,0.89965,0.89965,0.89965,0.89965
0.86208,0.86208,0.86208,0.86208,0.86208,0.86208,0.86208,0.86208,0.86208,0.86208,0.86208,0.86208,0.86208,0.86193,0.86193,0.86283,0.86301,0.86301,0.86301,0.86320
0.86286,0.86286,0.86286,0.86286,0.86286,0.86286,0.86286,0.86286,0.86286,0.86160,0.86160,0.86160,0.86160,0.86160,0.86160,0.86160,0.86160,0.86160,0.86160,0.86160
0.94095,0.94095,0.94095,0.94150,0.94140,0.94140,0.94140,0.94140,0.94140,0.94140,0.94140,0.94140,0.94140,0.94140,0.94140,0.94140,0.94140,0.94140,0.94140,0.94140
0.92690,0.92690,0.92690,0.92690,0.92690,0.92690,0.92690,0.92690,0.92690,0.92690,0.92690,0.92690,0.92690,0.92690,0.92690,0.92690,0.92690,0.92690,0.92690,0.92690
0.93408,0.93408,0.93408,0.93408,0.93408,0.93460,0.93460,0.93460,0.93460,0.93460,0.93460,0.93460,0.93460,0.93460,0.93460,0.93460,0.93460,0.93460,0.93460,0.93460
0.93460,0.93460,0.93460,0.93460,0.93460,0.93460,0.93460,0.93460,0.93460,0.93470,0.93544,0.93544,0.93544,0.93544,0.93544,0.93544,0.93544,0.93544,0.93544,0.93544
0.93881,0.93881,0.93881,0.93881,0.93881,0.93881,0.93881,0.93881,0.93881,0.93881,0.93881,0.93881,0.93881,0.93881,0.93881,0.93881,0.93974,0.93974,0.93974,0.93983
0.93501,0.93501,0.93501,0.93501,0.93501,0.93501,0.93501,0.93501,0.93501,0.93501,0.93501,0.93501,0.93501,0.93501,0.93501,0.93500,0.93500,0.93500,0.93500,0.93500
0.93456,0.93456,0.93456,0.93456,0.93456,0.93456,0.93456,0.93456,0.93456,0.93456,0.93456,0.93456,0.93456,0.93456,0.93456,0.93461,0.93461,0.93461,0.93461,0.93461
