0.39327,0.37425,0.40708,0.67046,0.81017,0.56099,0.56156,0.67830,0.56917,0.51497,0.35276,0.61298,0.74962,0.71116,0.70780,0.68179,0.66199,0.62910,0.89603,0.85869
0.06391,0.10462,0.14476,0.21395,0.19807,0.35077,0.24613,0.26935,0.51159,0.37914,0.43532,0.58520,0.66040,0.55940,0.59686,0.86424,0.80348,0.87476,0.85940,0.87976
0.28841,0.33236,0.20507,0.34308,0.28490,0.60303,0.65432,0.75334,0.68072,0.81546,0.87193,0.58490,0.66282,0.78290,0.87932,0.94997,0.97213,0.97169,0.92777,0.79339
0.59921,0.41734,0.18605,0.14868,0.26550,0.52182,0.63114,0.78280,0.79878,0.95152,0.54867,0.36415,0.41353,0.55701,0.64488,0.47468,0.32820,0.38988,0.50029,0.55842
0.58613,0.64379,0.64547,0.48086,0.48961,0.47574,0.49089,0.36971,0.40082,0.48192,0.42988,0.61821,0.80583,0.77074,0.40523,0.25530,0.22734,0.09547,0.11519,0.14257
0.67781,0.78289,0.57803,0.65329,0.75072,0.94318,0.98695,0.99521,0.99295,0.99114,0.96978,0.97311,0.95291,0.77664,0.68908,0.74707,0.85676,0.96568,0.91503,0.90392
0.01279,0.00661,0.00705,0.00600,0.02217,0.03898,0.13754,0.24279,0.21358,0.35505,0.54803,0.28353,0.51679,0.45779,0.49125,0.50399,0.52725,0.71368,0.29760,0.55761
0.91988,0.96498,0.98781,0.99423,0.99242,0.99093,0.98751,0.94453,0.97888,0.94000,0.91278,0.81155,0.73271,0.82326,0.88133,0.87189,0.71576,0.81456,0.85763,0.77646
0.99889,0.99867,0.99998,0.99992,0.99998,0.99811,0.99921,0.99978,0.99554,0.99841,0.99814,0.99868,0.99981,0.99998,1.00000,1.00000,1.00000,1.00000,0.99999,0.99960
0.99999,0.99998,0.99999,0.99997,0.99991,1.00000,0.99989,0.99998,0.99994,0.99928,0.99464,0.99811,0.99911,0.99853,0.99882,0.99399,0.99163,0.99864,0.99821,0.99764
0.71141,0.82193,0.85494,0.71966,0.82984,0.81191,0.73956,0.82499,0.78064,0.50292,0.55335,0.63654,0.66656,0.79171,0.73783,0.61546,0.61148,0.71610,0.72280,0.77839
0.36056,0.51945,0.54022,0.38460,0.73182,0.62962,0.44911,0.40840,0.30824,0.30974,0.35582,0.28366,0.35491,0.46362,0.30311,0.26447,0.25003,0.22642,0.09169,0.27271
0.41139,0.36049,0.49766,0.63257,0.43903,0.52340,0.52799,0.50686,0.76191,0.95829,0.95526,0.91519,0.86350,0.73915,0.62301,0.33126,0.13380,0.28677,0.42615,0.20268
0.33491,0.49261,0.58482,0.38523,0.27477,0.28380,0.24224,0.17754,0.17810,0.32903,0.37134,0.24480,0.05746,0.01869,0.01525,0.08542,0.26803,0.36499,0.40533,0.73900
0.52681,0.27931,0.31825,0.32579,0.48466,0.25642,0.28423,0.63478,0.44081,0.26383,0.30653,0.27132,0.19181,0.25613,0.17245,0.37565,0.68555,0.97310,0.99322,0.90740
0.73990,0.60609,0.51996,0.63586,0.56059,0.44294,0.65832,0.61111,0.67978,0.74744,0.76042,0.82650,0.73000,0.61735,0.70790,0.63070,0.70608,0.76887,0.78118,0.65557
0.79675,0.47985,0.23253,0.36074,0.63273,0.76916,0.65967,0.74594,0.44557,0.23458,0.34452,0.13567,0.32822,0.25690,0.09489,0.07302,0.07834,0.13822,0.05969,0.06390
0.83264,0.82641,0.78999,0.84165,0.85144,0.90843,0.98819,0.94970,0.93439,0.76623,0.92197,0.67249,0.60954,0.61052,0.61572,0.65842,0.55007,0.29732,0.26483,0.36632
0.83213,0.61698,0.56025,0.26123,0.25113,0.13098,0.21778,0.53123,0.54993,0.49245,0.46993,0.39132,0.33949,0.24917,0.21462,0.17642,0.21043,0.33132,0.74261,0.82841
0.38171,0.52331,0.72674,0.71557,0.51331,0.57387,0.62700,0.31012,0.11678,0.16601,0.10970,0.09755,0.12279,0.16475,0.11069,0.27889,0.41162,0.44960,0.47147,0.59227
0.58415,0.78499,0.41979,0.58862,0.52302,0.25854,0.29324,0.32926,0.31102,0.09251,0.01822,0.01129,0.01807,0.02583,0.00150,0.03520,0.16718,0.14874,0.24776,0.26771
0.13416,0.12137,0.08271,0.17886,0.13845,0.16960,0.48145,0.74050,0.78330,0.75317,0.81521,0.84065,0.53546,0.20810,0.20994,0.11784,0.13828,0.09111,0.07180,0.07149
0.19428,0.23343,0.45575,0.48959,0.66771,0.46723,0.35998,0.21305,0.27543,0.50662,0.50480,0.32331,0.28515,0.44963,0.50204,0.73383,0.72372,0.70447,0.85352,0.59351
0.07829,0.32409,0.54124,0.53298,0.46866,0.23997,0.25731,0.25881,0.46955,0.51768,0.47479,0.38851,0.65180,0.40461,0.22050,0.13018,0.07194,0.06701,0.11555,0.14717
0.78119,0.85633,0.79910,0.88613,0.90603,0.94100,0.94934,0.95363,0.94654,0.94396,0.88826,0.95390,0.93950,0.93944,0.85446,0.80966,0.66854,0.73454,0.65927,0.54469
0.41976,0.62730,0.71179,0.69629,0.42710,0.25719,0.25232,0.23798,0.39919,0.76534,0.94572,0.88812,0.77705,0.70823,0.47870,0.53473,0.61330,0.72580,0.70083,0.81182
0.75588,0.67408,0.28256,0.44910,0.43282,0.65960,0.72828,0.61354,0.40567,0.27170,0.18323,0.22943,0.31101,0.35304,0.25583,0.11737,0.04740,0.08880,0.17643,0.09175
0.51164,0.34668,0.62371,0.69315,0.41547,0.50567,0.45338,0.41082,0.50481,0.62690,0.76963,0.50767,0.67752,0.74355,0.80028,0.82857,0.81227,0.88238,0.83057,0.69088
0.89720,0.74484,0.62388,0.42641,0.66173,0.79341,0.97183,0.96935,0.98687,0.97424,0.78359,0.73637,0.77521,0.74852,0.55627,0.38977,0.34068,0.28036,0.34953,0.57385
0.45374,0.62779,0.58487,0.35627,0.20931,0.27763,0.25067,0.40316,0.47262,0.31613,0.33892,0.42605,0.61826,0.62374,0.65759,0.72801,0.57952,0.85310,0.81347,0.84169
0.42117,0.36119,0.41168,0.41456,0.48751,0.59459,0.64854,0.57936,0.75837,0.90654,0.88849,0.90246,0.86046,0.96357,0.94657,0.91442,0.85779,0.68606,0.84440,0.73701
0.43345,0.15650,0.23086,0.20687,0.28569,0.41627,0.85741,0.73061,0.67932,0.74212,0.77267,0.79224,0.41036,0.57953,0.63737,0.86254,0.95382,0.81701,0.95022,0.91832
0.11541,0.09138,0.09163,0.06159,0.21284,0.63113,0.38679,0.80161,0.87806,0.94947,0.94643,0.72092,0.79496,0.84469,0.93128,0.84864,0.89194,0.92617,0.98067,0.96366
0.48518,0.31417,0.36445,0.36369,0.21690,0.18040,0.14156,0.22712,0.17488,0.28026,0.59240,0.47348,0.49716,0.53925,0.51511,0.67351,0.84451,0.83437,0.81272,0.64439
0.36101,0.50381,0.42769,0.25033,0.38239,0.39579,0.57093,0.68404,0.71136,0.36350,0.12951,0.48497,0.59940,0.49404,0.10504,0.09508,0.27734,0.34296,0.36798,0.41468
0.85221,0.94006,0.86972,0.86785,0.90833,0.90377,0.80045,0.59388,0.79648,0.79814,0.95226,0.91779,0.94565,0.82707,0.39804,0.37680,0.44973,0.42729,0.21410,0.14719
0.00600,0.13254,0.23713,0.27713,0.68485,0.62438,0.71774,0.43711,0.45120,0.54432,0.57057,0.80561,0.89732,0.92414,0.97760,0.96317,0.77588,0.79007,0.89166,0.73448
0.24052,0.61325,0.35583,0.33900,0.51991,0.17595,0.20893,0.15388,0.37263,0.49533,0.54785,0.76953,0.71829,0.76719,0.68630,0.52244,0.73919,0.77919,0.44119,0.38218
0.28702,0.48526,0.43099,0.57612,0.38496,0.31329,0.76665,0.88036,0.91293,0.88212,0.94732,0.93964,0.96189,0.92364,0.98859,0.92717,0.87172,0.60155,0.65498,0.38463
0.74126,0.76567,0.71154,0.88078,0.89894,0.81963,0.83620,0.72203,0.37967,0.72301,0.67849,0.66321,0.38886,0.40067,0.73645,0.42807,0.46194,0.41680,0.26420,0.16730
0.40847,0.67378,0.63305,0.55747,0.44753,0.19981,0.36934,0.41775,0.63990,0.60226,0.54330,0.16740,0.04848,0.04480,0.04442,0.03528,0.16535,0.21156,0.18887,0.07395
0.53339,0.47805,0.12764,0.04473,0.07403,0.11640,0.08143,0.13113,0.09015,0.24154,0.13883,0.11777,0.06863,0.06243,0.23807,0.52353,0.16944,0.01498,0.00486,0.00826
0.99421,0.99749,0.96417,0.97476,0.91479,0.94542,0.78256,0.85710,0.84722,0.77365,0.90314,0.86104,0.85407,0.75480,0.64554,0.58586,0.73080,0.92385,0.93492,0.94708
0.13851,0.28383,0.16602,0.10725,0.20786,0.03150,0.01119,0.00960,0.00071,0.00856,0.03442,0.04376,0.07422,0.16190,0.30008,0.40474,0.73671,0.82133,0.71717,0.42871
0.06316,0.42868,0.56046,0.45252,0.82036,0.92057,0.88732,0.93072,0.96044,0.99496,0.98589,0.88905,0.92401,0.88181,0.96890,0.97565,0.96328,0.97351,0.99053,0.93286
0.12634,0.10574,0.22122,0.26469,0.16399,0.08194,0.14795,0.07264,0.06890,0.05136,0.12531,0.06154,0.03722,0.27610,0.26391,0.18919,0.03492,0.01977,0.06970,0.04389
0.66993,0.56805,0.28379,0.57977,0.63879,0.41348,0.64380,0.78537,0.84553,0.58838,0.35555,0.28688,0.45772,0.45685,0.41857,0.63538,0.86053,0.76119,0.68181,0.66377
0.38672,0.45978,0.43924,0.42827,0.44341,0.43111,0.41174,0.09427,0.27752,0.44636,0.33737,0.41551,0.21487,0.30431,0.17413,0.17456,0.32088,0.32994,0.41879,0.56979
0.31259,0.24939,0.32428,0.30907,0.40898,0.32107,0.12170,0.28543,0.35442,0.23031,0.27558,0.43281,0.35433,0.25379,0.24894,0.24832,0.57590,0.72103,0.58270,0.55375
0.71407,0.44271,0.36086,0.54502,0.40202,0.53004,0.74611,0.72747,0.65120,0.61179,0.66963,0.50834,0.62874,0.59330,0.41989,0.24207,0.11898,0.13305,0.10567,0.09980
0.35617,0.58740,0.39234,0.41314,0.13494,0.41189,0.54671,0.50483,0.57801,0.53529,0.61980,0.52738,0.37611,0.49879,0.44459,0.36360,0.29925,0.06928,0.01645,0.02131
0.96668,0.94052,0.84037,0.83258,0.79463,0.68968,0.47310,0.31393,0.57784,0.82286,0.72895,0.51694,0.35785,0.60306,0.55271,0.38689,0.35820,0.37924,0.41919,0.32997
0.35718,0.33193,0.43266,0.77687,0.89896,0.94923,0.85466,0.79924,0.63522,0.71451,0.79801,0.78367,0.83492,0.60985,0.34311,0.49573,0.49658,0.71595,0.86951,0.82495
0.77139,0.91851,0.90460,0.81144,0.79483,0.71568,0.83806,0.54342,0.52593,0.59822,0.71252,0.60484,0.51208,0.58241,0.67284,0.76808,0.62384,0.72818,0.50738,0.35097
0.80003,0.89204,0.81298,0.64424,0.45416,0.47494,0.48325,0.69970,0.77254,0.75600,0.60045,0.51446,0.36966,0.36632,0.34126,0.60588,0.77117,0.87278,0.72256,0.91977
0.87678,0.87367,0.95442,0.98686,0.94739,0.92730,0.79418,0.92764,0.95657,0.96384,0.88348,0.72832,0.66919,0.49763,0.65817,0.85585,0.77700,0.91289,0.99057,0.99180
0.53198,0.71401,0.41241,0.43915,0.44961,0.91284,0.77343,0.54627,0.77223,0.83917,0.64088,0.45133,0.37831,0.51611,0.61953,0.58346,0.57951,0.65796,0.52507,0.77332
0.65947,0.72426,0.59247,0.62137,0.53800,0.51343,0.55479,0.48035,0.55218,0.35768,0.39604,0.34675,0.27570,0.39580,0.41977,0.38460,0.32839,0.41903,0.31365,0.09678
0.87249,0.84728,0.73313,0.80324,0.85442,0.83955,0.81582,0.72297,0.61048,0.44399,0.44518,0.57602,0.46114,0.41333,0.24325,0.23330,0.40064,0.74669,0.84113,0.73267
0.25391,0.45768,0.68391,0.59917,0.68478,0.45233,0.30285,0.67485,0.65996,0.51596,0.68887,0.68973,0.51405,0.41530,0.22115,0.09235,0.23554,0.48532,0.67678,0.60165
0.86603,0.82946,0.88477,0.77902,0.90796,0.98588,0.97564,0.98381,0.99719,0.99234,0.96577,0.99111,0.98801,0.92849,0.92559,0.93960,0.93617,0.82009,0.90310,0.95414
0.14023,0.09636,0.15589,0.37071,0.51348,0.55443,0.68343,0.90216,0.81244,0.73733,0.64428,0.53815,0.55927,0.57263,0.61354,0.47085,0.23512,0.30036,0.10928,0.31513
0.62880,0.51443,0.81711,0.97749,0.89817,0.98053,0.95112,0.93858,0.86345,0.60588,0.62002,0.61605,0.43905,0.53486,0.85571,0.74885,0.53244,0.58546,0.09089,0.08864
0.54954,0.94678,0.83334,0.95322,0.90105,0.98197,0.84753,0.80671,0.83391,0.82694,0.55263,0.59340,0.82945,0.93457,0.92075,0.84274,0.82107,0.88527,0.69581,0.67551
0.42811,0.21655,0.14072,0.11979,0.12918,0.13824,0.21708,0.19581,0.57510,0.51463,0.38346,0.39860,0.25939,0.36166,0.11391,0.01427,0.01065,0.08962,0.17707,0.09061
0.95883,0.98545,0.93268,0.90365,0.97073,0.90723,0.80992,0.69487,0.97006,0.99047,0.92262,0.80852,0.87040,0.70035,0.93448,0.88658,0.71086,0.46410,0.53500,0.64977
0.99176,0.99475,0.96190,0.96474,0.98174,0.96195,0.81689,0.56252,0.73828,0.70151,0.76761,0.84935,0.63938,0.79782,0.97246,0.95636,0.93615,0.89588,0.82764,0.81881
0.30488,0.28207,0.10035,0.11547,0.05927,0.21109,0.20784,0.54941,0.55746,0.29489,0.67739,0.65443,0.52397,0.81941,0.82936,0.64088,0.73018,0.84503,0.79631,0.83046
0.57956,0.62285,0.42300,0.36105,0.34586,0.45094,0.31182,0.34183,0.27818,0.28165,0.39122,0.32600,0.60642,0.69071,0.66819,0.42738,0.83476,0.82103,0.76209,0.76382
0.28595,0.11637,0.20117,0.04746,0.00637,0.00462,0.04246,0.11915,0.30830,0.32054,0.91155,0.66816,0.49803,0.20877,0.31351,0.10863,0.12939,0.07912,0.24726,0.25330
0.48479,0.65603,0.91939,0.94009,0.87319,0.85709,0.86326,0.78678,0.74566,0.66875,0.52433,0.66956,0.49006,0.46643,0.57816,0.57595,0.50278,0.62742,0.92628,0.79020
0.41742,0.16811,0.16107,0.16179,0.32767,0.27032,0.60960,0.66616,0.42423,0.55531,0.73669,0.35162,0.48704,0.87523,0.91581,0.94478,0.82896,0.93310,0.91985,0.81068
0.47995,0.16159,0.43418,0.64394,0.56508,0.43714,0.54134,0.47436,0.40929,0.51278,0.37079,0.63766,0.59781,0.66415,0.78996,0.68144,0.79699,0.68363,0.86170,0.85175
0.29818,0.51258,0.57831,0.64796,0.40039,0.52430,0.70903,0.61467,0.50850,0.64396,0.70399,0.76525,0.79409,0.47777,0.57154,0.52020,0.56940,0.70289,0.63556,0.63871
0.76770,0.89494,0.86942,0.71620,0.60704,0.56491,0.77709,0.85829,0.84156,0.67900,0.79033,0.94269,0.96055,0.98576,0.95437,0.98477,0.89016,0.60133,0.22949,0.25963
0.56765,0.80554,0.86822,0.70547,0.74022,0.73685,0.75936,0.55703,0.79114,0.63970,0.47610,0.66420,0.52937,0.83731,0.69825,0.80839,0.90216,0.83966,0.76468,0.90758
0.69597,0.87821,0.82756,0.80946,0.84744,0.70645,0.74420,0.64590,0.65279,0.50131,0.28629,0.36400,0.76241,0.79157,0.60224,0.47238,0.21173,0.07779,0.05772,0.02238
0.69120,0.37276,0.52532,0.58151,0.57801,0.62228,0.51273,0.42408,0.50299,0.32652,0.61479,0.83059,0.87807,0.80524,0.72871,0.66910,0.30395,0.46054,0.45013,0.33528
0.71759,0.71456,0.85669,0.88528,0.59105,0.53656,0.49461,0.68172,0.49031,0.60705,0.62399,0.63463,0.59618,0.48209,0.23280,0.01384,0.02999,0.01344,0.01849,0.01600
0.93698,0.83274,0.85008,0.54883,0.25286,0.48256,0.39611,0.53816,0.55907,0.66423,0.71981,0.71397,0.47159,0.45438,0.42426,0.56172,0.56656,0.81035,0.61783,0.76878
0.18140,0.28139,0.50950,0.50770,0.57200,0.71757,0.52106,0.59674,0.50181,0.65155,0.37278,0.54632,0.73061,0.85099,0.94191,0.88356,0.65508,0.76597,0.81383,0.76745
0.14191,0.05863,0.01368,0.00367,0.00589,0.01298,0.01353,0.02427,0.01353,0.02377,0.18419,0.37607,0.43824,0.34400,0.53193,0.35285,0.17461,0.11090,0.22307,0.08406
0.58251,0.34192,0.41412,0.46579,0.31897,0.20262,0.16635,0.22772,0.15409,0.03341,0.07834,0.29364,0.51044,0.52788,0.57231,0.36280,0.24804,0.04834,0.28745,0.37522
0.01012,0.02563,0.05432,0.17609,0.11016,0.21852,0.10463,0.42537,0.70026,0.69558,0.76986,0.28606,0.20956,0.19865,0.22979,0.48854,0.20951,0.12781,0.14660,0.20701
0.04019,0.16315,0.05351,0.03389,0.20363,0.24115,0.18168,0.48417,0.48377,0.35258,0.35708,0.25515,0.17197,0.39932,0.65187,0.48410,0.41796,0.42621,0.43251,0.20298
0.70049,0.89446,0.91445,0.95213,0.70531,0.90947,0.65844,0.61784,0.76015,0.47125,0.32748,0.61422,0.65892,0.55869,0.49017,0.72907,0.88982,0.93254,0.86036,0.89433
0.70310,0.80847,0.83046,0.81934,0.52334,0.69762,0.78515,0.69750,0.86044,0.86788,0.79219,0.94983,0.89589,0.96058,0.99492,0.95169,0.90276,0.82519,0.46047,0.52713
0.09745,0.18947,0.21771,0.07527,0.16480,0.16339,0.10503,0.18837,0.27217,0.08030,0.06741,0.17939,0.10020,0.16094,0.07075,0.06139,0.15787,0.07349,0.10757,0.05140
0.11248,0.06739,0.11617,0.18805,0.12619,0.13536,0.20946,0.15510,0.11437,0.20464,0.54066,0.73751,0.54717,0.47042,0.72605,0.76032,0.58790,0.59697,0.44624,0.40515
0.18096,0.10564,0.02770,0.02587,0.01655,0.02240,0.37118,0.18816,0.39472,0.48240,0.31982,0.20348,0.21111,0.29195,0.41702,0.53094,0.66177,0.68965,0.81037,0.68320
0.33447,0.48337,0.50689,0.55149,0.61383,0.77553,0.74270,0.36011,0.58792,0.81379,0.71566,0.73084,0.40619,0.66085,0.65137,0.49930,0.54487,0.47194,0.57740,0.73356
0.67538,0.70664,0.45553,0.40221,0.21496,0.24036,0.06365,0.07613,0.01204,0.06950,0.24012,0.37085,0.41926,0.51946,0.26181,0.67482,0.33528,0.37617,0.38256,0.18609
0.55691,0.35400,0.28400,0.71162,0.33634,0.59764,0.51119,0.36181,0.51524,0.66015,0.82854,0.66678,0.44029,0.41644,0.33954,0.43849,0.26155,0.23375,0.05818,0.02392
0.54032,0.72221,0.45873,0.56425,0.74105,0.41726,0.26274,0.28305,0.35079,0.45759,0.46889,0.27510,0.35660,0.37783,0.34858,0.14323,0.11576,0.21724,0.12474,0.22065
0.86546,0.83133,0.92690,0.90079,0.91511,0.93500,0.96447,0.99025,0.98714,0.97982,0.96991,0.87107,0.65319,0.82479,0.95195,0.96164,0.82153,0.78116,0.92570,0.85163
0.32827,0.28566,0.24734,0.08469,0.05420,0.03326,0.04970,0.05823,0.04023,0.13788,0.50744,0.33504,0.41708,0.66026,0.52007,0.47243,0.51717,0.46498,0.35147,0.32673
0.84865,0.87562,0.95695,0.96008,0.94660,0.89698,0.83871,0.85790,0.92077,0.89556,0.93446,0.94454,0.80092,0.89148,0.82691,0.96040,0.98929,0.96955,0.92786,0.84177
0.55951,0.64013,0.80182,0.67170,0.87524,0.87209,0.77305,0.81411,0.57227,0.47454,0.62153,0.71681,0.79348,0.70670,0.77087,0.26421,0.33077,0.04783,0.03198,0.12378
0.33409,0.11793,0.22237,0.45407,0.08315,0.04328,0.06459,0.06383,0.06933,0.03379,0.07076,0.07005,0.06279,0.02887,0.07183,0.06958,0.12602,0.07102,0.13373,0.14672
0.66009,0.60277,0.43722,0.33840,0.08227,0.06113,0.17338,0.06520,0.21205,0.56041,0.68122,0.50960,0.66288,0.75520,0.63480,0.65570,0.46705,0.38027,0.37632,0.34571
0.42003,0.57853,0.63673,0.63112,0.58257,0.60755,0.68079,0.67973,0.52432,0.34992,0.59976,0.39218,0.42021,0.50853,0.72410,0.83010,0.90554,0.85463,0.94417,0.84678
0.86552,0.65734,0.80601,0.91839,0.85374,0.75412,0.75395,0.76783,0.67377,0.51007,0.50214,0.47585,0.56308,0.92199,0.83451,0.88488,0.54530,0.71386,0.81744,0.68788
0.09974,0.11708,0.31480,0.53558,0.55289,0.60456,0.65849,0.76391,0.47519,0.55608,0.42834,0.29456,0.23716,0.58226,0.40100,0.21486,0.09927,0.23512,0.15499,0.28264
0.01329,0.00197,0.00264,0.00089,0.00278,0.00641,0.01592,0.07041,0.10516,0.27746,0.32699,0.16888,0.11925,0.17038,0.22772,0.21408,0.22354,0.34391,0.18796,0.31752
0.96566,0.95189,0.95651,0.83017,0.92012,0.67265,0.82989,0.82304,0.53111,0.51936,0.57253,0.52758,0.61503,0.46356,0.43229,0.41118,0.35805,0.30439,0.55155,0.37234
0.06214,0.07978,0.04752,0.02805,0.03011,0.00584,0.00467,0.00621,0.01422,0.05373,0.04986,0.00807,0.04477,0.33207,0.28884,0.18808,0.48701,0.39600,0.47297,0.64389
0.24171,0.20079,0.09259,0.23847,0.09952,0.36689,0.19303,0.47653,0.30397,0.22373,0.40305,0.43421,0.08984,0.11480,0.16156,0.22427,0.05138,0.04741,0.12650,0.00937
0.73607,0.60186,0.34575,0.31683,0.41770,0.14431,0.21385,0.32406,0.17834,0.25309,0.35744,0.29351,0.29041,0.22359,0.12218,0.08410,0.33406,0.26195,0.19640,0.32253
0.17339,0.17211,0.34426,0.15422,0.48008,0.46575,0.46056,0.44009,0.19224,0.21342,0.06700,0.19811,0.24058,0.24318,0.43668,0.54481,0.76274,0.80912,0.85727,0.92386
0.13955,0.22918,0.30481,0.41196,0.80352,0.75711,0.73624,0.52002,0.39131,0.41165,0.39252,0.43753,0.39193,0.53770,0.46567,0.35454,0.35968,0.48522,0.31236,0.35648
0.66482,0.69589,0.89827,0.93872,0.94015,0.92789,0.69584,0.82169,0.69455,0.79758,0.80622,0.78325,0.77970,0.58140,0.47683,0.36119,0.41092,0.54556,0.40116,0.28932
0.86424,0.89385,0.77296,0.70619,0.43067,0.16056,0.30359,0.21208,0.19201,0.51145,0.35370,0.52632,0.24941,0.26186,0.18286,0.17186,0.09822,0.10769,0.11112,0.28668
0.01530,0.02488,0.02001,0.00981,0.01907,0.02070,0.07048,0.32729,0.48949,0.60949,0.29076,0.48921,0.51987,0.55500,0.18519,0.44921,0.34875,0.34584,0.18606,0.04329
0.11101,0.13840,0.09510,0.15988,0.28005,0.60286,0.82712,0.88162,0.81149,0.75622,0.65462,0.66273,0.72693,0.86435,0.79565,0.78387,0.58029,0.58129,0.40774,0.52794
0.88873,0.81271,0.96629,0.91603,0.84329,0.84658,0.82528,0.68214,0.69801,0.54475,0.70173,0.65945,0.68997,0.73721,0.81897,0.89705,0.85131,0.71985,0.67127,0.86846
0.18929,0.19125,0.14117,0.33888,0.23617,0.11386,0.26166,0.04923,0.01604,0.02000,0.07314,0.11494,0.40849,0.42118,0.21964,0.18353,0.07511,0.05186,0.03243,0.21421
0.85130,0.92078,0.93425,0.85248,0.92668,0.96826,0.94198,0.99208,0.97972,0.94841,0.96458,0.95391,0.99444,0.99359,0.97766,0.97945,0.99098,0.98140,0.93452,0.69262
0.25716,0.12427,0.33651,0.27320,0.26448,0.20560,0.11476,0.10152,0.07533,0.02924,0.01174,0.01361,0.01848,0.03108,0.01649,0.07872,0.08286,0.03575,0.06362,0.03934
0.13055,0.08392,0.04806,0.06235,0.01982,0.02971,0.18597,0.27943,0.20523,0.06858,0.07147,0.05279,0.04502,0.06334,0.14637,0.25328,0.18576,0.42371,0.59628,0.57001
0.39317,0.44223,0.42260,0.46033,0.34627,0.40557,0.75862,0.55587,0.46835,0.48243,0.56254,0.47617,0.77635,0.63429,0.68165,0.89354,0.89844,0.93635,0.84429,0.82604
0.94054,0.79468,0.72265,0.18207,0.50713,0.45835,0.52154,0.71226,0.86564,0.78513,0.83463,0.86716,0.78558,0.89806,0.81226,0.60863,0.30939,0.58088,0.47470,0.50955
0.25927,0.12002,0.12927,0.16638,0.22742,0.25983,0.41572,0.37742,0.28384,0.40211,0.51856,0.41642,0.29194,0.28090,0.55489,0.50108,0.35646,0.42735,0.61384,0.70251
0.80982,0.84044,0.79019,0.55897,0.60623,0.91096,0.95738,0.98540,0.98446,0.97906,0.99343,0.99505,0.99875,0.93700,0.90236,0.81566,0.95067,0.95768,0.93181,0.75752
0.99961,0.99883,0.99680,0.98130,0.98244,0.92212,0.75810,0.71233,0.65574,0.74481,0.77249,0.49418,0.48749,0.60289,0.86712,0.62119,0.81505,0.59316,0.45879,0.35733
0.98481,0.99212,0.99124,0.87335,0.84304,0.88935,0.89822,0.82170,0.64242,0.40431,0.45584,0.34461,0.49428,0.50692,0.57111,0.48569,0.58171,0.43038,0.52457,0.52292
0.28635,0.36329,0.38458,0.39508,0.20976,0.13018,0.18616,0.25502,0.22326,0.27287,0.50688,0.55042,0.58387,0.75853,0.76068,0.76866,0.61767,0.41500,0.21564,0.18441
0.22071,0.43764,0.44179,0.39328,0.16830,0.42888,0.30589,0.42784,0.33159,0.22548,0.32454,0.40859,0.30788,0.22457,0.22826,0.07373,0.03903,0.07952,0.29083,0.51070
0.52134,0.76801,0.54364,0.42684,0.71377,0.82686,0.84058,0.87491,0.93793,0.96183,0.99147,0.98923,0.94615,0.89372,0.88046,0.92117,0.95060,0.99036,0.94279,0.91228
0.96054,0.96906,0.92526,0.95045,0.80625,0.81004,0.83882,0.96673,0.91415,0.93708,0.79552,0.79548,0.64410,0.80722,0.75057,0.72866,0.87900,0.94547,0.94056,0.94227
0.01306,0.00667,0.02924,0.16564,0.36216,0.44798,0.61819,0.69498,0.80246,0.57898,0.76986,0.45120,0.25975,0.41474,0.47454,0.46264,0.29986,0.05665,0.04375,0.05988
0.14997,0.04163,0.04079,0.05075,0.08834,0.16489,0.21300,0.11369,0.12369,0.14409,0.27886,0.56618,0.44725,0.30270,0.25322,0.15492,0.18872,0.24052,0.76582,0.60483
0.75421,0.84098,0.68037,0.34997,0.33985,0.37560,0.23546,0.11622,0.17910,0.08727,0.19760,0.36389,0.29161,0.17507,0.18241,0.12111,0.29060,0.39556,0.43718,0.46734
0.12108,0.11860,0.23427,0.23059,0.23058,0.36966,0.29744,0.48498,0.77747,0.52749,0.31861,0.66543,0.84379,0.85054,0.92999,0.90183,0.86106,0.78752,0.78182,0.74571
0.89213,0.84879,0.79226,0.88637,0.88181,0.82422,0.91499,0.90219,0.91212,0.59802,0.67034,0.61059,0.64071,0.44597,0.50259,0.29415,0.16834,0.13147,0.05866,0.04885
0.00020,0.00070,0.00995,0.07439,0.12198,0.17360,0.14636,0.05690,0.08641,0.04568,0.15003,0.04644,0.03578,0.01862,0.00963,0.00473,0.01604,0.01568,0.00607,0.02332
0.46902,0.37859,0.55831,0.46460,0.41507,0.55685,0.56613,0.46372,0.36143,0.42693,0.30006,0.32523,0.17330,0.16362,0.19105,0.10482,0.01733,0.06652,0.17060,0.34790
0.56436,0.27083,0.34370,0.66656,0.75455,0.31853,0.45266,0.73077,0.78784,0.74534,0.65680,0.75471,0.60110,0.16081,0.39934,0.24345,0.14450,0.22356,0.25758,0.36682
0.59649,0.77839,0.88118,0.83381,0.80670,0.90486,0.95331,0.95406,0.98285,0.99004,0.99694,0.99461,0.97580,0.92243,0.99835,0.98233,0.98749,0.99481,0.99681,0.99667
0.60674,0.45727,0.27219,0.20333,0.16536,0.20639,0.06963,0.11074,0.07730,0.03839,0.03551,0.15073,0.27470,0.19510,0.21258,0.49156,0.31162,0.48798,0.58288,0.31440
0.88591,0.86927,0.77639,0.69279,0.61012,0.71133,0.77106,0.82120,0.86646,0.90976,0.91323,0.96765,0.88389,0.92658,0.88476,0.80197,0.82733,0.61427,0.46901,0.27113
0.71198,0.70192,0.63916,0.66990,0.49839,0.46731,0.65210,0.77674,0.67044,0.73149,0.83832,0.79053,0.71284,0.76558,0.84831,0.83402,0.69844,0.86964,0.96953,0.93441
0.14260,0.32862,0.51120,0.47886,0.26647,0.28253,0.27461,0.16278,0.24041,0.23533,0.13359,0.15767,0.10946,0.12681,0.08611,0.13591,0.08557,0.27233,0.15434,0.11268
0.65762,0.58085,0.41874,0.17429,0.02905,0.11322,0.16446,0.11259,0.13743,0.32568,0.14107,0.25520,0.41987,0.24678,0.11219,0.10425,0.15480,0.31684,0.54963,0.52897
0.11997,0.08515,0.04555,0.04647,0.06581,0.11286,0.06378,0.18127,0.17974,0.21725,0.28989,0.07414,0.02543,0.05286,0.08676,0.10422,0.25409,0.25891,0.45516,0.39616
0.45865,0.66619,0.60668,0.44132,0.50046,0.59062,0.44280,0.33929,0.42672,0.19518,0.56369,0.34866,0.44352,0.24261,0.31148,0.23031,0.38287,0.29311,0.43176,0.62739
0.57777,0.58789,0.36466,0.28259,0.17880,0.16846,0.08725,0.07813,0.05729,0.04856,0.13154,0.33107,0.13051,0.16630,0.11227,0.10645,0.07359,0.02750,0.11725,0.06010
0.14105,0.49223,0.69793,0.76221,0.88848,0.88016,0.58631,0.44005,0.24320,0.26486,0.45618,0.44525,0.56734,0.48369,0.76353,0.65933,0.31946,0.33990,0.52515,0.36911
0.58850,0.86681,0.60046,0.62037,0.67671,0.39895,0.77740,0.80837,0.58510,0.70360,0.56758,0.44896,0.27533,0.40541,0.51288,0.45030,0.36952,0.41354,0.43868,0.22253
0.65382,0.58805,0.45950,0.42751,0.81476,0.65079,0.40506,0.36204,0.60014,0.64965,0.60153,0.46064,0.33566,0.27343,0.07539,0.04290,0.01627,0.04771,0.01755,0.02084
0.45469,0.60372,0.61659,0.29666,0.36278,0.53817,0.83439,0.91065,0.84385,0.80762,0.93419,0.82933,0.64150,0.72293,0.81397,0.48046,0.39295,0.39644,0.54769,0.89126
0.32357,0.53746,0.51168,0.30204,0.33665,0.54015,0.45318,0.40401,0.10414,0.05451,0.29543,0.23184,0.09960,0.07519,0.15251,0.18868,0.12389,0.04420,0.07604,0.19399
0.14888,0.08219,0.23759,0.58809,0.43633,0.48328,0.38895,0.58144,0.83453,0.65255,0.70560,0.67592,0.39739,0.75122,0.95075,0.98610,0.98153,0.97276,0.98541,0.94963
0.90085,0.90832,0.82682,0.79122,0.81460,0.66762,0.60047,0.56615,0.47307,0.55692,0.54795,0.43955,0.49146,0.65187,0.49832,0.54553,0.34635,0.35721,0.56715,0.56082
0.21160,0.10425,0.36851,0.44758,0.40006,0.46989,0.58460,0.82934,0.71021,0.77677,0.85944,0.76636,0.79714,0.58801,0.44856,0.37161,0.45368,0.28588,0.12601,0.02134
0.36846,0.50501,0.53670,0.36952,0.39456,0.19634,0.22514,0.39590,0.42917,0.34453,0.38723,0.49661,0.45256,0.39068,0.46479,0.57906,0.46570,0.65341,0.25714,0.36462
0.67279,0.78979,0.69610,0.45232,0.68923,0.60323,0.78690,0.67525,0.65898,0.75671,0.66878,0.28526,0.22257,0.43361,0.64459,0.43247,0.45569,0.62881,0.55237,0.70133
0.84715,0.82166,0.74240,0.52455,0.70691,0.47355,0.69976,0.84483,0.60306,0.41148,0.67710,0.60384,0.69890,0.61115,0.53920,0.73092,0.81992,0.77738,0.50775,0.55481
0.51266,0.63555,0.34338,0.42508,0.24895,0.21951,0.32971,0.18064,0.24923,0.11159,0.03349,0.13975,0.14816,0.21052,0.32561,0.14757,0.21017,0.48095,0.38463,0.25248
0.60703,0.79709,0.60054,0.81716,0.81410,0.80677,0.71344,0.48186,0.45213,0.49655,0.41105,0.28726,0.28074,0.67493,0.92514,0.76941,0.66580,0.24120,0.42613,0.40803
0.13037,0.08534,0.07534,0.06833,0.01040,0.04976,0.02509,0.04935,0.11648,0.39546,0.50534,0.71500,0.75722,0.68739,0.72360,0.70994,0.53757,0.43902,0.32763,0.52430
0.66832,0.81085,0.70116,0.70547,0.80138,0.54149,0.44901,0.52447,0.38540,0.51471,0.63700,0.58906,0.62650,0.55769,0.24508,0.08893,0.26764,0.54948,0.46878,0.81844
0.47355,0.64597,0.34410,0.40674,0.30103,0.13223,0.08215,0.05094,0.13657,0.26397,0.76241,0.73325,0.41190,0.31984,0.16911,0.08087,0.05706,0.07591,0.03020,0.05697
0.49661,0.22132,0.29650,0.30197,0.21293,0.53685,0.56988,0.71300,0.90547,0.89422,0.85469,0.79154,0.75122,0.69255,0.72440,0.46122,0.49490,0.26834,0.12068,0.04593
0.94422,0.94554,0.89562,0.68165,0.56596,0.64183,0.66074,0.61898,0.81760,0.84000,0.71708,0.39623,0.41713,0.37426,0.31612,0.61388,0.77671,0.70314,0.73482,0.54490
0.82016,0.54849,0.65965,0.58268,0.56672,0.54990,0.42099,0.22332,0.17451,0.07983,0.22246,0.26095,0.43947,0.23611,0.34327,0.34204,0.31764,0.20753,0.12278,0.14984
0.22493,0.51839,0.61360,0.40240,0.33498,0.08210,0.07415,0.00650,0.03111,0.15389,0.17621,0.20422,0.29963,0.33885,0.19899,0.12369,0.20044,0.30518,0.33942,0.39962
0.19279,0.28096,0.51039,0.57565,0.49441,0.52104,0.38033,0.25286,0.12746,0.04631,0.01880,0.01341,0.03426,0.00980,0.01589,0.05146,0.24428,0.32166,0.52981,0.59095
0.16536,0.12134,0.34286,0.51739,0.57482,0.51005,0.64709,0.62181,0.44808,0.66270,0.31026,0.13856,0.07441,0.14511,0.13680,0.05358,0.06444,0.11261,0.08655,0.07005
0.04122,0.13086,0.14283,0.21517,0.20468,0.22573,0.04686,0.02766,0.03329,0.03084,0.13566,0.11135,0.18423,0.10909,0.18791,0.13158,0.11667,0.14225,0.18228,0.32996
0.67865,0.59687,0.83430,0.61102,0.78199,0.87474,0.69938,0.84383,0.91374,0.80187,0.53161,0.73994,0.85980,0.89197,0.83756,0.81895,0.81768,0.82147,0.73319,0.72113
0.34637,0.32680,0.20946,0.05429,0.05059,0.16294,0.14104,0.23454,0.39570,0.23676,0.28630,0.33137,0.50649,0.53459,0.43440,0.45015,0.70224,0.77661,0.79231,0.87622
0.46664,0.71990,0.86213,0.57014,0.42686,0.58499,0.57665,0.40521,0.37988,0.81590,0.75984,0.58351,0.52706,0.64814,0.50364,0.37094,0.53018,0.46087,0.33191,0.43030
0.97523,0.93289,0.85277,0.72624,0.79816,0.88341,0.73155,0.88289,0.75627,0.87561,0.78799,0.83950,0.79781,0.55939,0.55405,0.36357,0.53679,0.62545,0.70457,0.60922
0.11298,0.06885,0.07302,0.09468,0.27443,0.18162,0.24972,0.20024,0.05644,0.18708,0.17370,0.29143,0.23234,0.21340,0.19132,0.26184,0.17620,0.30981,0.19255,0.53328
0.08148,0.16294,0.38518,0.63509,0.66824,0.81857,0.85438,0.72926,0.72863,0.84287,0.89968,0.84039,0.80891,0.76635,0.82249,0.53629,0.48876,0.44993,0.68735,0.81681
0.15114,0.02151,0.03489,0.01386,0.03842,0.12432,0.24038,0.42101,0.25884,0.11164,0.20658,0.37877,0.07903,0.15198,0.13695,0.29657,0.34788,0.38404,0.60255,0.79739
0.85411,0.62251,0.72154,0.65766,0.49683,0.41279,0.50579,0.48339,0.65410,0.70991,0.36821,0.32522,0.27927,0.50121,0.29687,0.24363,0.44855,0.32683,0.57578,0.73407
0.46676,0.75887,0.54847,0.13918,0.46457,0.56353,0.81952,0.65412,0.55387,0.79232,0.83615,0.86438,0.91538,0.71624,0.66117,0.70695,0.52367,0.57757,0.56815,0.84356
0.58837,0.53075,0.52694,0.47300,0.34752,0.34862,0.42796,0.54515,0.51875,0.80776,0.82137,0.82891,0.40457,0.30509,0.43236,0.45054,0.35269,0.44135,0.72121,0.82349
0.23509,0.18090,0.45463,0.62762,0.75901,0.90261,0.77775,0.55787,0.34851,0.16190,0.22268,0.23261,0.23030,0.28611,0.29267,0.32893,0.32309,0.49419,0.38965,0.63563
0.15449,0.04611,0.10457,0.18383,0.48107,0.37994,0.28832,0.31855,0.34629,0.26485,0.18265,0.15187,0.14957,0.37495,0.26778,0.34582,0.36511,0.38631,0.54005,0.73097
0.04854,0.00913,0.01982,0.00529,0.03618,0.03832,0.02462,0.11532,0.30005,0.17964,0.16912,0.24765,0.25782,0.58520,0.56791,0.37051,0.38424,0.75744,0.88097,0.81632
0.12150,0.20109,0.13435,0.32568,0.21565,0.17506,0.10612,0.20854,0.26730,0.29407,0.70850,0.93166,0.97038,0.97559,0.93337,0.95204,0.97934,0.98112,0.97548,0.97099
0.99909,0.99977,0.99995,0.99996,0.99971,0.99969,0.99809,0.99585,0.99873,0.99931,0.99214,0.99771,0.99761,0.99995,0.99996,0.99997,0.99999,1.00000,1.00000,0.99999
0.47040,0.32400,0.58886,0.76941,0.74809,0.54210,0.51831,0.23512,0.24164,0.48001,0.63656,0.73433,0.90913,0.75465,0.88034,0.92423,0.68586,0.57507,0.58274,0.54019
0.27528,0.40877,0.43612,0.28805,0.06718,0.19732,0.22590,0.48984,0.32747,0.31707,0.22443,0.55631,0.48670,0.24827,0.53808,0.26531,0.32812,0.61125,0.71721,0.70420
0.29441,0.38642,0.35840,0.25720,0.43881,0.47830,0.49682,0.67895,0.56980,0.71041,0.71650,0.68251,0.62595,0.33737,0.30144,0.63173,0.26079,0.19353,0.36964,0.66704
0.11031,0.10877,0.21621,0.19319,0.17069,0.08597,0.11594,0.14067,0.05058,0.13213,0.11774,0.09614,0.05735,0.01880,0.02282,0.00946,0.04613,0.01337,0.09360,0.17510
0.08155,0.08576,0.10184,0.03324,0.03118,0.10089,0.11047,0.29515,0.10887,0.06634,0.07796,0.13779,0.30697,0.41157,0.61312,0.72494,0.77256,0.69367,0.79162,0.87368
0.46965,0.49584,0.54069,0.75907,0.91603,0.88280,0.77137,0.84231,0.91562,0.75186,0.58705,0.74977,0.84078,0.90381,0.75107,0.54795,0.38177,0.75673,0.58530,0.47492
0.14576,0.14593,0.32300,0.32062,0.69180,0.78717,0.62855,0.77048,0.77248,0.76665,0.77916,0.80551,0.57216,0.14788,0.25627,0.63052,0.46426,0.19781,0.23483,0.14482
0.29584,0.28498,0.08927,0.22892,0.25902,0.26489,0.28169,0.36034,0.10169,0.35560,0.38997,0.20382,0.28809,0.46438,0.33087,0.67851,0.61712,0.21672,0.29197,0.37774
0.81417,0.77505,0.71087,0.69644,0.67084,0.73189,0.88221,0.79308,0.51469,0.85352,0.77074,0.74604,0.73674,0.90795,0.87978,0.63999,0.34664,0.11472,0.04516,0.00593
0.34082,0.42797,0.36416,0.43379,0.27232,0.14771,0.02328,0.05202,0.05366,0.02355,0.01605,0.02055,0.02584,0.03576,0.07120,0.24303,0.26270,0.35592,0.16413,0.25121
0.23016,0.05635,0.18906,0.21111,0.19878,0.20203,0.10589,0.07478,0.23224,0.32296,0.31507,0.17172,0.16225,0.37514,0.45600,0.40498,0.33949,0.46209,0.46175,0.63469
0.72795,0.90041,0.77321,0.83504,0.65653,0.57659,0.37783,0.43128,0.57187,0.71831,0.91888,0.86451,0.94654,0.92551,0.91924,0.91693,0.88809,0.85224,0.96037,0.88903
0.64497,0.36688,0.26169,0.51079,0.67861,0.90702,0.94109,0.91679,0.97664,0.99750,0.99832,0.99887,0.99951,0.99833,0.98378,0.99197,0.98454,0.97751,0.94504,0.97045
0.42315,0.25866,0.56827,0.51992,0.27957,0.34523,0.44786,0.33826,0.38446,0.49395,0.31360,0.11629,0.18770,0.23909,0.25234,0.46169,0.71619,0.75460,0.51906,0.20922
0.28746,0.62239,0.54277,0.57890,0.79293,0.86906,0.82514,0.75381,0.88742,0.89302,0.86757,0.59137,0.52122,0.76034,0.64787,0.70296,0.76094,0.88278,0.91703,0.87486
0.47215,0.24019,0.53154,0.16121,0.11704,0.12387,0.21640,0.33470,0.37583,0.71431,0.74639,0.48888,0.79955,0.93168,0.84991,0.82865,0.73555,0.74084,0.60320,0.74255
