0.91596,0.93185,0.85524,0.88824,0.90351,0.91414,0.98104,0.99137,0.99621,0.97788,0.98400,0.96115,0.97133,0.98587,0.95688,0.94021,0.86020,0.82376,0.65875,0.33856
0.15840,0.22460,0.10955,0.13978,0.16539,0.17969,0.52722,0.46984,0.64059,0.59262,0.44620,0.29273,0.16537,0.04249,0.10092,0.17109,0.38522,0.52846,0.50914,0.61098
0.13523,0.13887,0.09984,0.11370,0.21337,0.06534,0.10453,0.08360,0.13383,0.06062,0.06456,0.05204,0.02064,0.01844,0.01011,0.02944,0.09510,0.07671,0.14224,0.08675
0.64155,0.54369,0.38496,0.49630,0.26468,0.51156,0.44185,0.48183,0.25499,0.40175,0.15594,0.33208,0.26970,0.59227,0.62503,0.34329,0.31462,0.20083,0.08322,0.11235
0.31894,0.43398,0.15944,0.13627,0.25532,0.63510,0.85097,0.86162,0.95086,0.98772,0.98053,0.75481,0.93625,0.92977,0.95203,0.94593,0.96469,0.88177,0.92194,0.87777
0.85838,0.60095,0.64543,0.85840,0.91953,0.76026,0.77611,0.88377,0.94372,0.85893,0.86685,0.82686,0.97973,0.97350,0.81461,0.81095,0.91257,0.98341,0.98558,0.97910
0.09998,0.19858,0.37082,0.30001,0.24618,0.24713,0.48475,0.61164,0.86558,0.68508,0.34596,0.26304,0.29897,0.22243,0.12022,0.40551,0.32332,0.56620,0.15680,0.09458
0.97264,0.95857,0.95143,0.98379,0.96456,0.94056,0.91688,0.94448,0.82667,0.94035,0.62196,0.71999,0.72361,0.92243,0.96974,0.94431,0.94862,0.91626,0.84691,0.75524
0.99986,0.99949,0.99930,0.99949,0.99946,0.99735,0.99632,0.99542,0.99830,0.99298,0.99136,0.99413,0.99500,0.99399,0.99492,0.98201,0.99551,0.99851,0.99781,0.99878
0.99818,0.99932,0.99689,0.99971,0.99990,0.98060,0.98158,0.98111,0.99640,0.99881,0.99754,0.99916,0.99989,0.99946,0.99856,0.99602,0.99785,0.99956,0.99904,0.99930
0.41787,0.75458,0.91579,0.91999,0.98636,0.97475,0.86397,0.87821,0.74311,0.76338,0.77393,0.60874,0.74575,0.80926,0.70911,0.49828,0.72271,0.72784,0.66375,0.63598
0.30415,0.55527,0.71724,0.72962,0.84969,0.76130,0.48673,0.65834,0.36991,0.46051,0.57066,0.49175,0.41591,0.62145,0.53220,0.46646,0.36375,0.34095,0.34370,0.42697
0.06159,0.05648,0.06474,0.05341,0.31205,0.32824,0.33690,0.17265,0.23261,0.12412,0.20647,0.25616,0.25022,0.37032,0.32526,0.39561,0.30073,0.39944,0.49355,0.42660
0.98036,0.95659,0.89684,0.94342,0.98576,0.96969,0.97952,0.96800,0.96719,0.99047,0.98644,0.99780,0.98958,0.80299,0.81857,0.88640,0.84656,0.94213,0.92223,0.92894
0.59625,0.55695,0.64779,0.67135,0.60116,0.59797,0.58792,0.57675,0.49281,0.53402,0.78086,0.72496,0.35798,0.31697,0.63068,0.66335,0.12192,0.09607,0.11475,0.15332
0.69733,0.44900,0.42668,0.68431,0.45491,0.45683,0.38187,0.29828,0.26578,0.26844,0.15496,0.09281,0.12120,0.25244,0.42886,0.61192,0.59779,0.49434,0.67531,0.48712
0.64153,0.71406,0.63103,0.26642,0.10146,0.16316,0.36609,0.44469,0.57797,0.80339,0.65944,0.19837,0.59292,0.70403,0.91959,0.60081,0.70326,0.85818,0.76908,0.58004
0.07111,0.15378,0.19708,0.40606,0.62957,0.52829,0.24995,0.10273,0.03322,0.10866,0.08467,0.11967,0.16741,0.34790,0.22321,0.07972,0.20521,0.18300,0.16182,0.10335
0.07911,0.25419,0.21527,0.20625,0.14157,0.41161,0.46725,0.41521,0.66453,0.68909,0.69451,0.63335,0.71625,0.80302,0.74325,0.88603,0.91126,0.89992,0.79556,0.67171
0.65512,0.86273,0.71422,0.64934,0.73893,0.67975,0.77471,0.43475,0.53313,0.49513,0.41048,0.51164,0.37752,0.25984,0.26831,0.16139,0.09315,0.02052,0.00493,0.00336
0.56264,0.29722,0.41479,0.30959,0.25349,0.28189,0.17387,0.07073,0.12745,0.27524,0.16534,0.14495,0.29473,0.39963,0.26174,0.42688,0.27931,0.24263,0.18980,0.17128
0.30222,0.39808,0.49518,0.75253,0.88704,0.88192,0.72323,0.85598,0.87018,0.63778,0.61088,0.60911,0.59944,0.29096,0.19327,0.56682,0.58516,0.46938,0.41954,0.50418
0.97090,0.81424,0.79914,0.85910,0.83967,0.63706,0.43711,0.77994,0.71100,0.33559,0.21261,0.46449,0.52905,0.56241,0.44101,0.52389,0.61648,0.44175,0.60606,0.60626
0.37612,0.33632,0.09755,0.07867,0.17758,0.23998,0.47979,0.64181,0.65492,0.77716,0.78069,0.75522,0.75950,0.59521,0.74955,0.82648,0.86978,0.96277,0.98875,0.95872
0.33466,0.34703,0.28520,0.12027,0.14272,0.16596,0.07256,0.10834,0.04100,0.18482,0.16687,0.13072,0.20896,0.19942,0.34745,0.31027,0.39481,0.27888,0.20562,0.17125
0.89502,0.85252,0.79839,0.86221,0.71159,0.71187,0.81530,0.77024,0.83705,0.84928,0.90498,0.91518,0.92482,0.92903,0.88357,0.85003,0.51505,0.38502,0.16702,0.27434
0.64531,0.35667,0.57277,0.51749,0.64212,0.47629,0.19165,0.04755,0.07982,0.08105,0.18346,0.09719,0.08318,0.32076,0.65674,0.42003,0.52421,0.51002,0.70179,0.36533
0.35681,0.28509,0.23208,0.27742,0.26148,0.33809,0.29903,0.14684,0.20503,0.25362,0.32153,0.19120,0.13385,0.16653,0.48352,0.36554,0.72104,0.79869,0.81717,0.47696
0.06576,0.14368,0.40310,0.33340,0.63301,0.84353,0.81977,0.97242,0.97178,0.99455,0.99638,0.99141,0.92931,0.98935,0.96806,0.88794,0.94880,0.94164,0.91047,0.96427
0.13789,0.12799,0.29001,0.45257,0.58719,0.49798,0.53153,0.62432,0.47800,0.56699,0.48852,0.45459,0.52001,0.30046,0.38254,0.64424,0.58139,0.75364,0.68661,0.92735
0.72011,0.20126,0.18901,0.17573,0.21009,0.15357,0.13233,0.02964,0.04683,0.05278,0.05599,0.03623,0.22623,0.04354,0.08952,0.06826,0.09533,0.21624,0.18993,0.39594
0.30864,0.51166,0.37115,0.27335,0.21193,0.25405,0.46205,0.81142,0.91322,0.87682,0.91299,0.95079,0.75354,0.88314,0.58137,0.59359,0.55029,0.52039,0.15117,0.08497
0.91297,0.87351,0.83130,0.83593,0.47682,0.24364,0.42835,0.17831,0.42170,0.22266,0.44582,0.60588,0.49443,0.27384,0.58690,0.68953,0.69464,0.91741,0.79653,0.96326
0.47965,0.39318,0.58256,0.48512,0.71618,0.71659,0.88739,0.89836,0.93019,0.97212,0.97285,0.85653,0.61663,0.68665,0.55784,0.78001,0.60976,0.59198,0.46934,0.67429
0.92338,0.87559,0.82618,0.69331,0.61629,0.53049,0.63748,0.57450,0.44501,0.47837,0.48254,0.50791,0.67490,0.69775,0.55376,0.40761,0.59571,0.66335,0.91037,0.75549
0.46756,0.37465,0.48714,0.33448,0.32033,0.23665,0.73061,0.65104,0.20847,0.17711,0.23151,0.25019,0.63179,0.60375,0.62624,0.38145,0.69216,0.86918,0.82653,0.65501
0.62223,0.32286,0.21061,0.36239,0.30963,0.35865,0.44874,0.46025,0.18881,0.45928,0.36850,0.30609,0.28434,0.36298,0.32605,0.22037,0.27470,0.12550,0.05245,0.15572
0.26826,0.29314,0.31345,0.17891,0.11658,0.15188,0.11953,0.32498,0.06992,0.01721,0.01172,0.04049,0.11157,0.01660,0.12035,0.15452,0.02497,0.03795,0.00938,0.05910
0.17649,0.23572,0.17749,0.07794,0.15879,0.34560,0.46062,0.51911,0.23478,0.40803,0.20652,0.30591,0.48290,0.30480,0.23803,0.21335,0.13250,0.20921,0.41405,0.22980
0.27787,0.34667,0.72055,0.67690,0.70901,0.80998,0.77148,0.89303,0.92085,0.77759,0.84904,0.93262,0.95205,0.81906,0.80610,0.89789,0.90111,0.97455,0.96949,0.90001
0.75032,0.59532,0.78309,0.69052,0.78254,0.80662,0.87965,0.66743,0.75474,0.88774,0.96071,0.96065,0.90722,0.91276,0.90243,0.83965,0.83000,0.93201,0.74282,0.58116
0.20531,0.20626,0.65113,0.55440,0.44722,0.41828,0.26662,0.18064,0.10589,0.17442,0.17607,0.05793,0.03305,0.02262,0.07271,0.12996,0.25600,0.65988,0.72108,0.84030
0.32101,0.23007,0.25882,0.44870,0.46081,0.43651,0.46552,0.33475,0.22957,0.43785,0.47062,0.68578,0.74010,0.59180,0.66406,0.93278,0.94459,0.82171,0.78989,0.55641
0.07541,0.14938,0.09862,0.07390,0.13700,0.05028,0.04819,0.05279,0.05432,0.01710,0.07409,0.03222,0.02938,0.00541,0.03961,0.10193,0.12744,0.12621,0.19364,0.42354
0.14097,0.29730,0.52558,0.66597,0.88581,0.88367,0.83414,0.71909,0.89169,0.72262,0.35017,0.29637,0.14927,0.20088,0.21192,0.14037,0.17314,0.34338,0.19824,0.21460
0.05606,0.02899,0.02262,0.02326,0.01666,0.01709,0.01795,0.01599,0.00821,0.00213,0.03075,0.04255,0.07473,0.15181,0.31057,0.35042,0.46006,0.38465,0.13523,0.04609
0.07619,0.20049,0.18354,0.11978,0.03693,0.10289,0.02606,0.01241,0.01746,0.05520,0.03429,0.01239,0.02635,0.06555,0.03892,0.03512,0.07351,0.20828,0.14424,0.06558
0.44264,0.43466,0.14162,0.43239,0.41735,0.40486,0.52410,0.40401,0.06192,0.14928,0.12604,0.09099,0.10374,0.15565,0.17753,0.22745,0.18045,0.20890,0.23696,0.31248
0.11703,0.28199,0.21230,0.53793,0.62918,0.90813,0.93081,0.92833,0.86267,0.70250,0.61616,0.41362,0.20787,0.52207,0.75140,0.71939,0.74430,0.40642,0.67414,0.88755
0.97132,0.89746,0.98278,0.97111,0.97283,0.90412,0.97578,0.97839,0.97309,0.86661,0.93078,0.93200,0.63090,0.49489,0.88377,0.92414,0.88707,0.88364,0.88451,0.95867
0.11776,0.12523,0.41334,0.52112,0.49520,0.20281,0.24208,0.38572,0.21774,0.31207,0.20038,0.20720,0.16088,0.15884,0.35488,0.20418,0.33995,0.25480,0.10614,0.02764
0.92910,0.91697,0.94881,0.94932,0.91106,0.82678,0.88299,0.82173,0.65213,0.53244,0.74906,0.82061,0.57792,0.69970,0.83934,0.86489,0.49303,0.61694,0.70225,0.86665
0.90950,0.98351,0.98633,0.98215,0.88748,0.82836,0.92586,0.96352,0.85943,0.92466,0.98586,0.99402,0.98909,0.98900,0.97870,0.98581,0.95948,0.73750,0.76870,0.85010
0.08265,0.30232,0.74932,0.82139,0.60651,0.37346,0.24146,0.22451,0.38748,0.15889,0.04543,0.06712,0.24121,0.21598,0.20931,0.06324,0.02813,0.11473,0.02037,0.22320
0.35514,0.31267,0.41451,0.56013,0.36675,0.43709,0.26020,0.54684,0.37087,0.21069,0.28800,0.31438,0.56702,0.59637,0.53537,0.40245,0.43828,0.35814,0.19888,0.57071
0.87420,0.82631,0.73599,0.76699,0.95513,0.94872,0.97887,0.98023,0.99598,0.97942,0.98576,0.99802,0.99089,0.98750,0.89799,0.93689,0.84949,0.76151,0.75689,0.74051
0.01977,0.07658,0.15747,0.10964,0.16807,0.33186,0.27674,0.63648,0.77315,0.69698,0.83330,0.78337,0.68412,0.85199,0.91143,0.98955,0.96971,0.89600,0.93421,0.97403
0.84668,0.72297,0.60319,0.49427,0.52510,0.59036,0.56464,0.56615,0.58687,0.21667,0.41107,0.36271,0.71076,0.65073,0.28454,0.17000,0.28933,0.42101,0.66223,0.57869
0.40509,0.38285,0.27589,0.18665,0.08117,0.06074,0.05777,0.02803,0.08374,0.16673,0.04014,0.04591,0.03904,0.17238,0.13826,0.10444,0.23760,0.12980,0.11044,0.12734
0.65541,0.47076,0.12842,0.28760,0.32574,0.33426,0.27186,0.34880,0.17407,0.10367,0.11681,0.25264,0.54732,0.56047,0.53154,0.36984,0.68849,0.80117,0.53864,0.58077
0.29081,0.13608,0.05963,0.19298,0.17281,0.04003,0.05006,0.01449,0.03151,0.05282,0.06106,0.08368,0.17195,0.36275,0.42594,0.30859,0.41545,0.37870,0.49036,0.80741
0.29228,0.11405,0.08894,0.23643,0.15317,0.10780,0.07799,0.07877,0.08390,0.32656,0.35271,0.42596,0.56351,0.65268,0.51652,0.44052,0.35347,0.63900,0.61120,0.64840
0.07719,0.04177,0.06452,0.13571,0.27255,0.40823,0.25940,0.40636,0.55700,0.19683,0.25923,0.28449,0.17146,0.28790,0.46544,0.39848,0.47819,0.37812,0.73391,0.82227
0.71589,0.58343,0.56616,0.42366,0.54587,0.32112,0.54924,0.42183,0.29329,0.25411,0.18974,0.20374,0.26911,0.40868,0.29678,0.18158,0.18369,0.27652,0.68554,0.51081
0.01429,0.12268,0.19244,0.38654,0.76225,0.72388,0.70033,0.45070,0.11808,0.07029,0.04465,0.06283,0.17233,0.55441,0.44341,0.45141,0.56329,0.41165,0.26365,0.33016
0.14104,0.48290,0.72332,0.28489,0.30128,0.30034,0.35729,0.11895,0.06432,0.05135,0.18158,0.18568,0.08150,0.23173,0.19867,0.13723,0.38269,0.15778,0.28813,0.41733
0.76128,0.76672,0.82194,0.86269,0.74440,0.96425,0.97640,0.98704,0.95181,0.99037,0.98512,0.94584,0.89353,0.91936,0.91269,0.87526,0.93489,0.90231,0.84918,0.96248
0.10001,0.03927,0.07395,0.05788,0.10890,0.15000,0.11016,0.05057,0.01883,0.02308,0.12832,0.41168,0.40802,0.61572,0.93503,0.98434,0.97661,0.87210,0.77170,0.64683
0.98667,0.96524,0.98281,0.95410,0.94290,0.96074,0.87474,0.75110,0.80282,0.72555,0.69539,0.78324,0.68329,0.62898,0.92887,0.71570,0.87366,0.94785,0.95344,0.99188
0.18041,0.12919,0.14233,0.14682,0.16121,0.25608,0.18040,0.19676,0.03718,0.06615,0.22302,0.45316,0.17790,0.17209,0.17966,0.25754,0.22480,0.15722,0.22596,0.15507
0.83743,0.78759,0.70459,0.53667,0.78330,0.79485,0.68728,0.61320,0.73992,0.62477,0.41580,0.41545,0.44273,0.43003,0.16067,0.11542,0.18080,0.22887,0.03170,0.02227
0.54906,0.44982,0.34418,0.29863,0.17412,0.39165,0.49492,0.55720,0.56649,0.57917,0.41962,0.27219,0.23961,0.14575,0.05919,0.05877,0.07152,0.02302,0.08374,0.04922
0.25406,0.44662,0.43600,0.34681,0.56769,0.61851,0.52869,0.74018,0.52237,0.72111,0.85297,0.68058,0.47076,0.43941,0.34729,0.57703,0.41728,0.28946,0.47882,0.30562
0.53882,0.42953,0.45809,0.48113,0.49311,0.51257,0.34528,0.46279,0.54577,0.81958,0.81333,0.66381,0.62484,0.59978,0.49279,0.63953,0.54354,0.46045,0.59601,0.65064
0.84156,0.91298,0.57228,0.64933,0.41086,0.38308,0.35033,0.34586,0.38311,0.18014,0.28289,0.12832,0.27616,0.09723,0.07067,0.01553,0.01218,0.01708,0.00399,0.04258
0.11390,0.26001,0.18212,0.07576,0.12017,0.07935,0.13207,0.11322,0.15456,0.17691,0.03557,0.13821,0.19475,0.18022,0.39437,0.54958,0.53839,0.31387,0.21620,0.56530
0.66910,0.85244,0.91884,0.85901,0.72693,0.89615,0.84775,0.83125,0.75811,0.46620,0.37142,0.27495,0.33634,0.31574,0.13394,0.09848,0.14140,0.23941,0.22851,0.56394
0.43810,0.34625,0.56552,0.39163,0.52707,0.60574,0.90223,0.73581,0.80283,0.76439,0.73705,0.76392,0.77487,0.75804,0.60637,0.61149,0.51010,0.22895,0.21580,0.15796
0.27204,0.39719,0.29576,0.36696,0.26125,0.25375,0.54035,0.45752,0.56557,0.57723,0.65035,0.54004,0.47263,0.33305,0.62595,0.26500,0.30459,0.29343,0.37402,0.21374
0.13972,0.10389,0.03306,0.01037,0.02465,0.00802,0.01134,0.03195,0.10368,0.11544,0.18617,0.25223,0.51131,0.43365,0.42131,0.24873,0.14046,0.26389,0.13588,0.13810
0.15021,0.21699,0.20782,0.45997,0.45023,0.46979,0.37092,0.37118,0.48492,0.48947,0.55128,0.79888,0.79137,0.62062,0.54617,0.69174,0.62632,0.50443,0.46216,0.45844
0.39374,0.33261,0.70111,0.50077,0.46531,0.46795,0.29542,0.27724,0.29228,0.30752,0.37920,0.42894,0.77371,0.66999,0.55200,0.55282,0.20344,0.31612,0.24945,0.27950
0.93418,0.75908,0.43622,0.71469,0.86493,0.86953,0.97557,0.85835,0.74257,0.49321,0.48564,0.59498,0.77623,0.65936,0.77420,0.88957,0.90362,0.80114,0.78593,0.56338
0.91987,0.85673,0.77405,0.86372,0.93046,0.86707,0.96570,0.91000,0.94490,0.98291,0.98736,0.89337,0.95518,0.93531,0.94560,0.78639,0.64648,0.57937,0.76094,0.86858
0.68311,0.67513,0.81249,0.79646,0.47226,0.21748,0.20963,0.39236,0.29825,0.13239,0.16999,0.22527,0.17834,0.16633,0.23910,0.29808,0.57331,0.24604,0.45093,0.45341
0.76018,0.75924,0.51553,0.70242,0.73581,0.50386,0.57253,0.50689,0.66436,0.71085,0.45316,0.48438,0.52397,0.47884,0.53132,0.69296,0.51511,0.57610,0.64538,0.62445
0.76766,0.71958,0.77403,0.83604,0.84869,0.72250,0.73375,0.71016,0.75852,0.86375,0.88460,0.67606,0.75785,0.70275,0.66717,0.18499,0.41458,0.20037,0.21844,0.32897
0.36990,0.46118,0.49634,0.56610,0.62939,0.53099,0.28125,0.43460,0.36590,0.75598,0.89035,0.79101,0.54092,0.36507,0.35302,0.46670,0.26224,0.34467,0.49532,0.66922
0.85649,0.89954,0.63117,0.69075,0.79580,0.79255,0.69424,0.36284,0.14463,0.18451,0.06712,0.03182,0.14319,0.07375,0.03241,0.05382,0.09069,0.20915,0.14258,0.17310
0.44812,0.36093,0.71446,0.61193,0.71899,0.69453,0.74337,0.73417,0.66217,0.76741,0.44578,0.42544,0.66478,0.30950,0.18753,0.26670,0.07322,0.09127,0.04960,0.04803
0.54545,0.34502,0.47585,0.56618,0.29399,0.39910,0.50917,0.17719,0.11299,0.09584,0.22412,0.11493,0.34695,0.66005,0.26384,0.12874,0.10276,0.17046,0.00946,0.09057
0.75763,0.76073,0.58848,0.44468,0.29977,0.45200,0.52242,0.73321,0.88444,0.53151,0.36713,0.52846,0.23366,0.23413,0.47851,0.18539,0.24180,0.32156,0.61995,0.59448
0.55964,0.40950,0.48369,0.34386,0.40078,0.50442,0.68431,0.62437,0.31124,0.07119,0.02149,0.12705,0.11257,0.27623,0.19208,0.09008,0.12250,0.14174,0.19930,0.28271
0.60969,0.87376,0.79883,0.75775,0.93316,0.98382,0.92636,0.94682,0.87283,0.73231,0.62832,0.30388,0.50881,0.41852,0.43297,0.38471,0.66086,0.52494,0.59840,0.64184
0.41498,0.31902,0.58952,0.83735,0.87689,0.91859,0.91301,0.94421,0.93910,0.88355,0.93931,0.97316,0.95329,0.91810,0.97995,0.94114,0.95728,0.82137,0.87071,0.95264
0.90070,0.65913,0.76744,0.91967,0.82235,0.61294,0.87726,0.95709,0.80191,0.86934,0.71356,0.84966,0.74151,0.59609,0.67559,0.58041,0.25289,0.14239,0.16655,0.12484
0.72847,0.66575,0.57690,0.57575,0.33494,0.51178,0.54345,0.45437,0.26885,0.08869,0.10678,0.08979,0.03051,0.08019,0.05606,0.34337,0.21256,0.10034,0.11720,0.23253
0.09809,0.12189,0.23404,0.52319,0.42155,0.30533,0.32741,0.74525,0.71115,0.54671,0.67843,0.28641,0.36308,0.31501,0.27320,0.20785,0.28045,0.21604,0.29594,0.34351
0.76733,0.69814,0.53950,0.65607,0.79081,0.72490,0.77872,0.77665,0.81109,0.80352,0.79388,0.91699,0.92519,0.97875,0.94524,0.94488,0.83265,0.58217,0.72727,0.60549
0.68162,0.79672,0.85179,0.86117,0.91081,0.88209,0.76068,0.58200,0.76756,0.90391,0.84702,0.73112,0.64044,0.57295,0.64953,0.46831,0.60746,0.68496,0.79951,0.88863
0.52474,0.57652,0.64786,0.61924,0.68521,0.89896,0.86442,0.91704,0.61570,0.53983,0.64164,0.30133,0.34239,0.70484,0.86101,0.93737,0.99006,0.96152,0.98034,0.94874
0.84682,0.80799,0.78886,0.77853,0.60370,0.61380,0.60842,0.40228,0.65666,0.58235,0.77055,0.83450,0.89285,0.93636,0.95241,0.90864,0.81924,0.77423,0.82683,0.66480
0.49670,0.61135,0.80188,0.92726,0.77936,0.79820,0.80045,0.81345,0.86669,0.52506,0.53631,0.88837,0.89775,0.75131,0.66930,0.65280,0.38242,0.64930,0.82230,0.79330
0.08575,0.04390,0.03065,0.04358,0.04005,0.20053,0.02741,0.15346,0.07818,0.08203,0.12106,0.18149,0.41648,0.35294,0.30698,0.38760,0.48801,0.60624,0.74158,0.86718
0.56963,0.56404,0.35836,0.29645,0.34917,0.42911,0.37439,0.52124,0.71052,0.27575,0.57169,0.59882,0.63803,0.49533,0.50173,0.72724,0.90273,0.89323,0.90018,0.96573
0.55849,0.61702,0.63879,0.50116,0.57329,0.68135,0.73794,0.24542,0.49953,0.58811,0.61338,0.48496,0.50315,0.81578,0.69509,0.71680,0.80329,0.70668,0.58087,0.41955
0.83983,0.88272,0.93990,0.98396,0.97465,0.95982,0.89650,0.87592,0.91533,0.89061,0.98207,0.98739,0.99737,0.99500,0.99259,0.98903,0.98992,0.99413,0.98710,0.82391
0.79765,0.70440,0.86461,0.73940,0.76183,0.60859,0.42525,0.54357,0.38188,0.57077,0.36974,0.20861,0.30056,0.15104,0.28506,0.13063,0.21891,0.10958,0.15527,0.08097
0.13109,0.19075,0.15329,0.09096,0.15655,0.12816,0.07959,0.11949,0.08060,0.07535,0.19285,0.32957,0.53866,0.40777,0.36471,0.61045,0.53419,0.53624,0.41583,0.59504
0.47430,0.60389,0.56156,0.64162,0.63408,0.39084,0.41086,0.36008,0.23119,0.26736,0.48714,0.75470,0.75269,0.54968,0.76791,0.72624,0.71341,0.83384,0.82292,0.85216
0.77756,0.78352,0.81333,0.86952,0.97617,0.97284,0.96003,0.95687,0.93808,0.98610,0.99906,0.98433,0.99804,0.99369,0.99336,0.99638,0.97795,0.89344,0.88441,0.89759
0.66836,0.54240,0.81142,0.66085,0.79352,0.58187,0.39933,0.44341,0.70834,0.53368,0.31730,0.30897,0.22574,0.31354,0.26259,0.40183,0.26911,0.18739,0.15181,0.12127
0.97708,0.98258,0.99655,0.99763,0.99375,0.99177,0.99792,0.99992,0.99859,0.99590,0.98752,0.97723,0.85682,0.89328,0.68221,0.31799,0.31558,0.23324,0.31521,0.29728
0.98193,0.98681,0.97941,0.97940,0.87701,0.85392,0.87619,0.93166,0.76058,0.78364,0.87655,0.87399,0.91190,0.91814,0.92947,0.84339,0.82960,0.95383,0.92091,0.84910
0.43268,0.29715,0.49095,0.59824,0.73323,0.64298,0.67617,0.65439,0.81377,0.81919,0.74375,0.90381,0.85863,0.77768,0.62691,0.44983,0.68069,0.33655,0.06751,0.05560
0.06511,0.04333,0.04507,0.01502,0.01730,0.02623,0.04185,0.02672,0.02994,0.13803,0.22955,0.43638,0.30713,0.69518,0.84205,0.82982,0.95547,0.80218,0.91389,0.90290
0.43730,0.66013,0.52312,0.53736,0.30231,0.07986,0.37217,0.53666,0.43328,0.29051,0.32860,0.39825,0.41616,0.56708,0.78843,0.72786,0.67507,0.46848,0.17192,0.21608
0.08587,0.31582,0.44685,0.44086,0.76980,0.57828,0.70751,0.88046,0.87134,0.91000,0.96707,0.98164,0.96504,0.85414,0.81817,0.80343,0.40795,0.52702,0.41402,0.18024
0.25419,0.09822,0.08357,0.02659,0.01962,0.07021,0.10644,0.21138,0.39718,0.11441,0.09001,0.08156,0.04332,0.24184,0.17827,0.22724,0.35078,0.35984,0.36154,0.27541
0.99844,0.99123,0.99585,0.99785,0.99774,0.99429,0.99122,0.93499,0.95232,0.87894,0.79285,0.86924,0.71003,0.68692,0.78442,0.93169,0.96851,0.95362,0.88215,0.68270
0.64777,0.71065,0.85027,0.73314,0.94290,0.93411,0.82387,0.56292,0.34990,0.67160,0.34586,0.30455,0.21912,0.28003,0.34394,0.60066,0.61957,0.66156,0.60757,0.89900
0.72049,0.68718,0.74663,0.78679,0.87106,0.93457,0.88264,0.77682,0.74767,0.66275,0.62161,0.52631,0.74685,0.88848,0.92917,0.94946,0.98899,0.97742,0.94144,0.84979
0.61950,0.65223,0.68731,0.58426,0.75914,0.83274,0.73028,0.68177,0.73602,0.56744,0.55756,0.23600,0.13272,0.05812,0.08382,0.24261,0.22673,0.35065,0.31346,0.43065
0.13227,0.05371,0.05055,0.13677,0.10497,0.47186,0.40250,0.40427,0.26634,0.21071,0.01287,0.01008,0.00083,0.00342,0.00608,0.05625,0.02971,0.01981,0.03494,0.09733
0.02586,0.11425,0.03386,0.08712,0.08397,0.10915,0.42324,0.35773,0.15254,0.45757,0.41521,0.48480,0.51955,0.59281,0.69443,0.64403,0.76097,0.89592,0.81576,0.87072
0.86303,0.89164,0.86963,0.87931,0.85472,0.82033,0.76456,0.68223,0.51929,0.73336,0.67960,0.50791,0.63935,0.77012,0.68040,0.79762,0.85113,0.92265,0.90594,0.90130
0.35564,0.45814,0.13434,0.16656,0.13145,0.03825,0.04595,0.04343,0.01176,0.01278,0.00788,0.00331,0.00184,0.01963,0.02344,0.04082,0.05241,0.05186,0.10145,0.27477
0.45830,0.32079,0.54179,0.43379,0.23020,0.36702,0.26599,0.10915,0.15116,0.15844,0.21914,0.17999,0.40548,0.26427,0.45586,0.32745,0.48331,0.21159,0.13257,0.07526
0.34431,0.26385,0.29904,0.41655,0.38935,0.30414,0.61541,0.59919,0.59862,0.42809,0.49058,0.08302,0.17285,0.29972,0.23722,0.46564,0.43543,0.27917,0.10040,0.04541
0.62353,0.53011,0.62068,0.64395,0.72928,0.74873,0.56485,0.69569,0.55994,0.54581,0.77769,0.84500,0.63986,0.25978,0.30507,0.53395,0.45434,0.42264,0.41020,0.38202
0.85271,0.75012,0.85787,0.88122,0.58021,0.48480,0.79979,0.83034,0.88215,0.81648,0.69553,0.72607,0.19349,0.37940,0.29224,0.34285,0.20893,0.38027,0.57462,0.41562
0.49515,0.16534,0.11628,0.09230,0.25957,0.07629,0.00451,0.02837,0.13194,0.23211,0.08851,0.06899,0.11837,0.21492,0.57969,0.32358,0.55500,0.90893,0.94077,0.91314
0.92870,0.63419,0.41705,0.65390,0.45407,0.44610,0.24752,0.42307,0.25937,0.61575,0.64458,0.60275,0.71743,0.77304,0.72530,0.84027,0.79439,0.55175,0.69875,0.79245
0.65685,0.46487,0.78778,0.94599,0.94776,0.76262,0.74059,0.64073,0.78644,0.86046,0.80626,0.83124,0.60895,0.39580,0.34407,0.45604,0.22461,0.34460,0.30493,0.21773
0.15207,0.39316,0.36319,0.40317,0.55880,0.37888,0.42441,0.23508,0.25612,0.50197,0.37331,0.22388,0.32430,0.53702,0.59825,0.70302,0.78861,0.55959,0.57829,0.42381
0.06196,0.00947,0.02635,0.02256,0.05088,0.01635,0.00273,0.00267,0.02463,0.01511,0.03676,0.08182,0.40006,0.15786,0.05470,0.01739,0.03298,0.02644,0.10425,0.08001
0.63166,0.53923,0.80020,0.40854,0.59563,0.62116,0.75516,0.64491,0.53667,0.46223,0.14741,0.27041,0.14320,0.05872,0.07067,0.21046,0.39315,0.74853,0.66440,0.60090
0.78227,0.81069,0.60231,0.49244,0.50054,0.27016,0.63662,0.56970,0.66975,0.54651,0.70694,0.67261,0.82143,0.83657,0.73369,0.74980,0.82894,0.88169,0.77605,0.65137
0.31043,0.19245,0.25452,0.26529,0.42841,0.29679,0.49377,0.77866,0.83332,0.95819,0.95623,0.98709,0.98018,0.99668,0.97680,0.99570,0.97919,0.94309,0.97920,0.88338
0.52500,0.43254,0.59948,0.57102,0.53103,0.64576,0.68161,0.34306,0.64178,0.77328,0.82795,0.85913,0.94597,0.84132,0.75018,0.87207,0.70102,0.64001,0.49040,0.40650
0.71392,0.94321,0.75546,0.67305,0.45729,0.78301,0.86064,0.87727,0.95390,0.98822,0.96058,0.96464,0.76376,0.84097,0.50468,0.17375,0.06273,0.02222,0.01551,0.02719
0.23573,0.36170,0.26983,0.20953,0.17830,0.09121,0.04829,0.05835,0.02954,0.13877,0.10021,0.04698,0.32288,0.27217,0.39540,0.29664,0.07879,0.02245,0.01951,0.06295
0.32110,0.20542,0.26110,0.26006,0.54307,0.40738,0.42027,0.60681,0.39693,0.50953,0.50581,0.57696,0.27172,0.30779,0.35394,0.36864,0.62758,0.83552,0.79576,0.84157
0.05076,0.06225,0.15689,0.29949,0.30872,0.59377,0.17548,0.11024,0.11087,0.09931,0.17581,0.26169,0.29156,0.58131,0.75232,0.70493,0.44559,0.24958,0.39729,0.11243
0.19753,0.08318,0.06422,0.05315,0.11758,0.04972,0.05953,0.00746,0.00243,0.01232,0.00959,0.05489,0.12751,0.09111,0.26893,0.23167,0.11326,0.13274,0.13199,0.06674
0.40062,0.58370,0.70793,0.48052,0.83913,0.90661,0.99219,0.98975,0.96941,0.95527,0.98395,0.80996,0.73355,0.75929,0.67395,0.88206,0.82544,0.90659,0.97172,0.93062
0.12032,0.39196,0.59272,0.59576,0.84134,0.57591,0.83917,0.77952,0.67194,0.39691,0.49754,0.53660,0.66363,0.38049,0.21181,0.08375,0.09666,0.20782,0.24179,0.19340
0.89138,0.89314,0.95965,0.95113,0.97631,0.96725,0.93524,0.77088,0.92006,0.72877,0.74698,0.69129,0.54184,0.75053,0.61507,0.53635,0.51746,0.19918,0.10708,0.10548
0.80305,0.69340,0.85373,0.64590,0.74272,0.76466,0.74824,0.65831,0.53374,0.46775,0.50251,0.43950,0.60784,0.72218,0.41517,0.30576,0.28515,0.63679,0.53818,0.46085
0.96472,0.88287,0.92330,0.90084,0.93861,0.87895,0.66178,0.84669,0.82010,0.70232,0.86401,0.82054,0.58065,0.58233,0.57336,0.79122,0.79460,0.47057,0.49407,0.49769
0.08281,0.13146,0.17304,0.39528,0.28562,0.23587,0.37926,0.20099,0.06428,0.03446,0.01578,0.03783,0.07621,0.16531,0.11241,0.01700,0.02968,0.08995,0.02937,0.17008
0.41576,0.69756,0.54530,0.52106,0.67246,0.56274,0.69059,0.76564,0.88846,0.67270,0.80531,0.80177,0.74306,0.45685,0.64862,0.58845,0.45247,0.65653,0.37815,0.28585
0.97055,0.86059,0.93800,0.91442,0.60250,0.58996,0.47380,0.32919,0.43401,0.67745,0.65654,0.76199,0.92731,0.96164,0.93995,0.92635,0.89659,0.91471,0.88888,0.78365
0.22207,0.40645,0.41434,0.55649,0.74138,0.71339,0.68541,0.71683,0.80888,0.35481,0.19181,0.12253,0.12422,0.13208,0.23322,0.33434,0.16723,0.35270,0.39271,0.27688
0.52049,0.47346,0.70644,0.65988,0.89212,0.88998,0.90357,0.82767,0.81646,0.64635,0.52617,0.31986,0.30323,0.64737,0.59771,0.78415,0.88255,0.94863,0.84977,0.75735
0.98670,0.97724,0.95894,0.94547,0.92495,0.89983,0.75269,0.67339,0.82344,0.85874,0.88591,0.75588,0.78756,0.53724,0.60674,0.53657,0.72380,0.69337,0.48718,0.49270
0.71883,0.60425,0.87142,0.51226,0.25637,0.38098,0.17827,0.03222,0.12886,0.05262,0.15173,0.05602,0.05811,0.14227,0.30819,0.28543,0.14591,0.26588,0.17278,0.30206
0.86535,0.93451,0.98761,0.95624,0.91632,0.93517,0.87096,0.84081,0.71494,0.66046,0.77732,0.79346,0.82241,0.54219,0.63672,0.51810,0.36119,0.40544,0.24747,0.29652
0.92966,0.89552,0.83601,0.92268,0.97360,0.94782,0.96434,0.96254,0.97926,0.96912,0.97883,0.99446,0.96724,0.98472,0.92052,0.72983,0.89234,0.82405,0.80249,0.63980
0.21082,0.26392,0.37330,0.10929,0.29196,0.16331,0.11534,0.07019,0.05731,0.09309,0.11413,0.07848,0.11496,0.05163,0.10210,0.26787,0.11694,0.06094,0.09934,0.20667
0.26610,0.14311,0.29297,0.25305,0.40654,0.74504,0.67164,0.51988,0.23970,0.47811,0.26033,0.34567,0.51554,0.61624,0.69617,0.81429,0.92405,0.86166,0.71151,0.65713
0.79447,0.44816,0.46398,0.26769,0.11343,0.07996,0.16557,0.01398,0.04250,0.03999,0.02731,0.04220,0.00870,0.02298,0.06526,0.32871,0.45066,0.34800,0.33691,0.48102
0.60131,0.84008,0.80477,0.81942,0.82700,0.51986,0.44583,0.35742,0.62225,0.45968,0.47507,0.38432,0.33268,0.45850,0.47258,0.38331,0.67825,0.78732,0.78161,0.48892
0.85019,0.79119,0.90069,0.77310,0.73899,0.62685,0.76292,0.71324,0.67446,0.69718,0.87864,0.76278,0.92195,0.96428,0.99718,0.99957,0.93202,0.94392,0.91090,0.93608
0.40403,0.32594,0.50057,0.54271,0.66207,0.68796,0.43179,0.35225,0.39197,0.68186,0.60358,0.24343,0.38549,0.33269,0.61935,0.55328,0.41865,0.54624,0.59944,0.50597
0.78726,0.77676,0.77725,0.94503,0.96976,0.99813,0.98471,0.94222,0.96015,0.86674,0.84026,0.98417,0.98405,0.98888,0.98996,0.98046,0.98474,0.95282,0.96063,0.89599
0.65659,0.46720,0.75090,0.80068,0.86218,0.76202,0.71504,0.64316,0.64023,0.63955,0.77254,0.90775,0.81583,0.57748,0.89443,0.43229,0.27628,0.38025,0.62973,0.65842
0.70958,0.63450,0.63392,0.67163,0.62239,0.66169,0.52415,0.51246,0.23138,0.31854,0.41784,0.74995,0.68111,0.42015,0.25937,0.16573,0.33736,0.20857,0.16800,0.14082
0.09777,0.20217,0.23551,0.42206,0.63861,0.44817,0.25929,0.56350,0.77863,0.86234,0.67589,0.90374,0.91866,0.97502,0.90199,0.96514,0.91343,0.80201,0.80100,0.92840
0.75249,0.67562,0.44378,0.23170,0.20973,0.29698,0.43669,0.42115,0.63267,0.31535,0.58576,0.61925,0.74859,0.59900,0.61893,0.49825,0.80260,0.70052,0.75253,0.71848
0.28743,0.06212,0.02844,0.09073,0.14861,0.08919,0.01774,0.06872,0.15246,0.06194,0.02717,0.01210,0.14263,0.23674,0.15145,0.14495,0.11801,0.06453,0.06340,0.28388
0.86157,0.69808,0.89221,0.73694,0.84456,0.78707,0.84409,0.74495,0.58998,0.78565,0.44140,0.57025,0.65696,0.73818,0.42861,0.26347,0.36352,0.32040,0.23882,0.39980
0.92525,0.86946,0.80518,0.93889,0.91652,0.83669,0.72536,0.46028,0.84240,0.96274,0.69898,0.73832,0.62104,0.69765,0.90554,0.92348,0.80558,0.80328,0.58918,0.32291
0.89206,0.93141,0.97692,0.95448,0.84164,0.75067,0.80605,0.85371,0.73358,0.77558,0.64673,0.25293,0.31556,0.22741,0.36074,0.26435,0.50638,0.34198,0.17644,0.13536
0.43482,0.65083,0.81455,0.64203,0.66690,0.70098,0.82810,0.90706,0.90958,0.83627,0.77151,0.82143,0.83430,0.73907,0.79850,0.71242,0.59303,0.44526,0.78093,0.47944
0.17186,0.06208,0.08206,0.04472,0.05857,0.27681,0.42348,0.32712,0.24623,0.39737,0.39977,0.49007,0.64819,0.76487,0.46582,0.36153,0.51519,0.44600,0.47186,0.30400
0.47849,0.49984,0.42970,0.35370,0.41953,0.64083,0.70682,0.54073,0.61688,0.67839,0.83871,0.80296,0.66032,0.73651,0.72437,0.79663,0.40660,0.46695,0.51574,0.30353
0.81179,0.71200,0.56899,0.72957,0.64799,0.87410,0.83462,0.64938,0.57083,0.67180,0.37775,0.27346,0.12239,0.18376,0.21354,0.13892,0.24160,0.15902,0.45679,0.55101
0.30042,0.59903,0.50256,0.55408,0.58459,0.58331,0.59402,0.54648,0.30831,0.42705,0.23827,0.57631,0.54067,0.77392,0.52671,0.65983,0.67151,0.53921,0.55660,0.50176
0.62476,0.79835,0.60255,0.45751,0.36190,0.37617,0.24960,0.31844,0.21074,0.19499,0.24044,0.26651,0.25853,0.40657,0.16054,0.08618,0.01027,0.01366,0.01465,0.05084
0.75172,0.66963,0.53252,0.59380,0.63076,0.60962,0.64957,0.80257,0.67284,0.72181,0.55651,0.63034,0.71966,0.51652,0.20180,0.21838,0.31294,0.29010,0.29964,0.34138
0.37667,0.31070,0.33332,0.25082,0.63244,0.22187,0.12308,0.20707,0.05810,0.07631,0.11311,0.15373,0.22544,0.31137,0.59783,0.82639,0.93961,0.93406,0.72162,0.73330
0.78439,0.58524,0.77129,0.56882,0.60193,0.69447,0.48334,0.35075,0.28265,0.69078,0.41316,0.29174,0.08896,0.06506,0.18049,0.17633,0.35056,0.25579,0.26153,0.10773
0.99462,0.99668,0.99885,0.99951,0.99977,0.99911,0.99699,0.98906,0.98402,0.99155,0.99559,0.99725,0.99750,0.99792,0.99869,0.99976,0.99950,0.99865,0.98216,0.99407
0.16078,0.39581,0.37884,0.50886,0.44476,0.21804,0.08255,0.10657,0.31029,0.69941,0.56345,0.46780,0.37840,0.20096,0.34020,0.52052,0.67800,0.88806,0.90943,0.68149
0.06933,0.03458,0.01703,0.01556,0.01332,0.03623,0.03991,0.21190,0.15345,0.14984,0.20287,0.24392,0.13729,0.26473,0.23557,0.13364,0.11631,0.10550,0.04952,0.14206
0.30331,0.17901,0.15442,0.10808,0.06413,0.02584,0.03835,0.11154,0.12579,0.22804,0.24520,0.38592,0.63228,0.49727,0.44623,0.25579,0.12862,0.16769,0.13164,0.19282
0.98942,0.77986,0.81205,0.80156,0.84590,0.91545,0.91066,0.71221,0.71265,0.61486,0.66865,0.50332,0.43269,0.42619,0.30500,0.24708,0.22033,0.28476,0.20783,0.14781
0.12745,0.30488,0.38497,0.74675,0.59610,0.37360,0.34121,0.63083,0.42407,0.55229,0.77911,0.71441,0.69595,0.69885,0.51817,0.63807,0.77872,0.84579,0.82647,0.79785
0.55671,0.61573,0.54483,0.64255,0.53088,0.56473,0.25991,0.36676,0.28374,0.34014,0.55577,0.64303,0.73821,0.75602,0.79334,0.96410,0.85194,0.85514,0.90461,0.83659
0.20243,0.21841,0.07152,0.11235,0.03982,0.13554,0.12562,0.20780,0.09262,0.06399,0.02865,0.10291,0.07439,0.17903,0.14457,0.17052,0.18193,0.15171,0.27848,0.30948
0.30628,0.13822,0.12839,0.12027,0.11750,0.26462,0.24883,0.54852,0.73134,0.60887,0.50237,0.59922,0.60286,0.65179,0.73304,0.76782,0.73379,0.89637,0.80956,0.57850
0.99501,0.98945,0.82897,0.85736,0.98896,0.98509,0.98776,0.99346,0.99891,0.99801,0.99948,0.99455,0.96446,0.98376,0.95996,0.97256,0.99258,0.97575,0.89314,0.95996
0.36310,0.33918,0.23404,0.11345,0.03985,0.03131,0.06321,0.10141,0.46058,0.70562,0.68699,0.18462,0.15575,0.17372,0.35923,0.18459,0.17421,0.31610,0.36157,0.27111
0.79573,0.80157,0.90103,0.96955,0.97823,0.93999,0.93126,0.96240,0.90936,0.88885,0.84840,0.65415,0.82864,0.86879,0.81373,0.91821,0.80247,0.69347,0.25012,0.32447
0.66441,0.32401,0.41349,0.55000,0.50263,0.79879,0.61508,0.59292,0.60066,0.54753,0.61620,0.50549,0.32868,0.24274,0.38520,0.58815,0.09204,0.05566,0.19664,0.39847
0.33791,0.24683,0.37419,0.53054,0.37655,0.07850,0.20157,0.15791,0.17183,0.19107,0.13805,0.31033,0.49991,0.42687,0.59628,0.72126,0.87331,0.53261,0.30006,0.20619
0.30195,0.49926,0.27441,0.41302,0.51240,0.45636,0.54392,0.79495,0.94759,0.90760,0.77010,0.82321,0.86715,0.61616,0.53735,0.50162,0.55511,0.55005,0.62085,0.58374
0.51167,0.69684,0.66634,0.84328,0.88379,0.92083,0.99487,0.96666,0.99594,0.96790,0.97052,0.91470,0.90329,0.90964,0.65567,0.34900,0.53237,0.52638,0.58694,0.44708
0.65741,0.56378,0.48494,0.22993,0.27433,0.15883,0.51258,0.43251,0.82865,0.88561,0.69016,0.87257,0.80756,0.82315,0.86395,0.95197,0.98719,0.90864,0.83079,0.84055
