0.54243,0.18226,0.23985,0.28284,0.21943,-0.17172,-0.15390,-0.19263,0.24618,0.63631,0.61569,1.31371,1.22013,1.05035,1.22483,1.00772,1.26186,1.02375,0.57752,0.80588
5.91216,5.77701,5.92931,6.14503,5.54808,5.50425,5.12121,5.21381,5.11106,5.27017,5.65455,6.26495,5.65176,5.61894,5.63853,5.42767,5.32609,5.10290,5.28916,4.66624
-0.13246,-0.03594,-0.06590,0.12115,0.28291,0.46854,0.46768,0.42172,0.23271,0.55140,0.71255,0.74664,0.65244,0.73315,0.72352,0.68260,0.52095,0.54067,0.44208,-0.05226
2.79574,2.49756,2.56499,2.25745,1.96722,1.60771,1.71122,1.67018,1.55895,1.61883,1.53905,1.25547,1.33296,1.12541,1.24636,1.25519,1.29052,1.26941,1.22343,1.51017
-1.47808,-1.48365,-1.84386,-1.62349,-1.12230,-1.44464,-1.24753,-1.29046,-1.12402,-1.31228,-1.33718,-1.06880,-0.98293,-1.19828,-1.18464,-1.27110,-0.91663,-0.54741,-0.66005,-0.45452
0.42914,0.29472,0.14713,0.02788,0.03506,0.05324,0.00144,0.06223,-0.12193,-0.24543,-0.09766,-0.24414,-0.23101,0.01927,-0.15544,-0.45176,-0.04490,0.24010,0.09291,0.17871
5.64101,5.19783,5.08608,5.25437,5.06704,4.67171,4.70127,4.86319,4.90310,4.98157,4.98762,4.51360,4.71764,4.47186,5.04942,4.74703,5.28506,4.87807,4.56416,4.50369
-1.01548,-0.94085,-1.04420,-1.30339,-1.00493,-1.02312,-0.56011,-0.46192,-0.48714,-0.45930,-0.20052,-0.69024,-0.64139,-0.76225,-0.64297,-0.54753,-0.59066,-0.83457,-0.74258,-1.02714
-0.53871,-0.64557,-0.48668,-0.48115,-0.34238,-0.34274,-0.35455,-0.39285,-0.52608,-0.40095,-0.49831,-0.37651,-0.40183,-0.59035,-0.28539,-0.54232,-0.50483,-0.67627,-0.60731,-0.60274
-0.55351,-0.41694,-0.61453,-0.79587,-0.41466,-0.54094,-0.29910,-0.31471,-0.19442,-0.41903,-0.55521,-0.33485,-0.24644,-0.50786,-0.43297,-0.38202,-0.48548,-0.55153,-0.66044,-0.52665
-0.61539,-0.68408,-0.53506,-0.47090,-0.63586,-0.23079,0.27661,0.23241,0.22077,0.32604,0.45084,0.38814,-0.10282,-0.26074,-0.18252,-0.29121,-0.30853,-0.05410,0.08279,-0.18304
3.45057,3.43470,3.50896,3.68292,3.20215,3.18855,2.79698,2.80145,2.58753,2.90784,2.76756,2.97466,3.37841,3.16822,3.07757,2.39565,2.81657,2.52691,2.00648,2.37699
4.37398,4.52777,4.29244,4.38692,4.42689,4.58547,4.54675,4.43048,4.56211,4.02945,4.56389,4.62433,4.37031,5.04448,5.63625,5.55718,5.84111,5.43499,5.59943,5.34415
3.33682,3.50696,3.35000,3.26626,3.79279,3.11993,3.41011,3.62268,4.12300,4.13418,4.01245,4.00464,3.78621,3.69125,3.29239,3.56733,3.33319,3.55853,3.30462,3.00946
-1.63805,-1.57732,-1.21878,-1.59378,-1.52392,-1.80861,-1.37041,-1.52897,-1.47140,-1.54268,-1.44335,-1.29365,-0.95951,-1.04198,-0.91292,-0.58048,-0.47184,-0.15505,0.05696,0.15791
-2.20304,-2.40868,-2.36178,-2.20978,-2.00913,-1.48011,-1.55071,-1.11891,-0.94748,-1.38924,-0.99424,-1.07624,-1.09536,-1.47693,-1.16596,-0.91728,-1.06066,-1.32225,-1.36949,-1.40583
-1.29540,-1.41420,-1.55989,-1.37945,-1.00906,-0.69223,-0.56989,-0.69233,-0.52724,-0.91375,-0.79828,-0.84893,-1.42372,-1.41809,-1.73369,-1.55662,-1.35224,-1.44882,-1.66427,-1.72344
2.97458,3.01674,3.10631,2.69024,2.90220,2.86700,2.66069,2.69797,2.23553,2.47694,2.01716,1.60036,1.45041,1.27937,1.07861,0.93891,0.67803,0.80228,1.01309,0.79006
-4.00969,-4.32620,-3.53452,-4.02400,-4.31065,-3.99822,-4.09117,-3.90832,-4.25903,-4.38137,-4.07245,-4.19722,-4.08712,-3.97899,-4.02809,-4.12299,-3.76719,-3.62116,-3.36919,-3.34611
0.40974,0.22607,0.03052,0.19483,0.08827,0.67458,0.49431,0.86191,0.64795,0.63308,0.39881,0.07376,0.49499,0.49410,0.54340,0.16894,0.42531,0.36218,0.13735,0.16961
4.22127,3.78848,2.91319,2.60532,2.68278,2.17839,2.35178,2.38439,2.73156,2.46304,2.24692,1.62741,1.86472,1.70177,1.66359,1.93669,1.63489,1.27608,1.08782,0.96444
1.60429,1.72209,1.95060,2.34179,2.77201,2.19118,2.41628,2.24122,1.35215,1.43950,1.77337,1.79080,1.63785,1.22379,1.13129,1.47099,1.33393,1.59330,1.13354,1.28474
0.72857,1.00758,0.72594,0.95596,0.95611,0.90594,0.76532,0.62234,0.49599,0.74950,0.85665,0.38631,0.55577,0.72229,0.86850,0.66932,0.61039,0.45302,0.40995,0.31983
-0.20384,-0.18353,-0.35305,-0.40093,-0.26386,-0.51340,-0.29576,-0.28367,-0.37331,-0.47502,-0.34983,-0.11854,-0.00891,-0.02576,-0.08439,-0.29730,-0.19936,-0.23082,-0.11426,-0.02582
-2.88023,-3.13485,-3.54628,-3.90970,-3.83215,-3.07277,-2.83698,-3.02258,-2.81857,-3.03314,-2.75897,-2.40902,-2.25717,-2.33548,-2.65412,-2.47429,-2.34198,-2.47390,-2.36100,-2.34917
0.41582,0.31246,0.19604,0.29529,0.52253,0.23755,0.10627,0.18708,-0.11508,0.03751,-0.21304,-0.22107,-0.31790,-0.05263,-0.08000,0.03757,0.16560,-0.04728,0.44029,0.47468
0.60818,0.63247,0.63821,0.92214,1.01354,1.70927,1.25794,1.58292,2.05125,1.61314,1.59418,1.53677,1.29086,1.34404,1.40410,1.50135,1.43903,1.00697,0.81918,0.78432
0.19761,0.24845,-0.10089,0.10609,0.15237,0.57755,0.58673,1.10316,0.96125,0.83712,0.54098,0.82709,0.77684,0.67635,0.32845,-0.24712,-0.10052,-0.19769,-0.02832,-0.32055
0.82740,0.64618,0.71623,0.77006,0.94514,0.86907,0.60922,0.78451,0.99594,1.00328,0.81395,0.71220,0.86390,0.60996,0.71969,1.32186,1.64041,1.54045,1.39925,0.83538
-1.01041,-1.18424,-1.38981,-1.74195,-1.66106,-2.01989,-2.11726,-2.34233,-2.37965,-2.35190,-1.83791,-2.31302,-2.31868,-1.79646,-1.83563,-1.92327,-2.34722,-2.18862,-2.41621,-3.09157
9.30574,9.52023,9.33862,8.88064,8.56080,8.73412,8.48597,8.17324,8.50837,8.64773,8.55808,9.16600,9.51431,8.90354,8.79847,8.84325,8.47398,8.59840,8.47914,8.64202
2.88099,2.85698,2.80246,2.79930,2.90664,3.10715,3.27357,2.86086,2.86338,3.11365,2.94145,3.16833,3.39717,3.04814,2.92492,3.36654,3.69185,3.77149,3.46061,3.66478
1.67540,1.91939,1.90793,1.86553,1.41135,1.50393,1.50209,1.38641,1.31800,1.29935,1.15957,1.23165,1.26996,1.16692,1.49195,1.59258,1.53361,1.90998,2.41766,2.13475
1.46186,1.85175,1.55602,1.37233,1.33125,1.84285,2.50926,2.58577,2.38687,2.71643,2.63862,2.75417,2.81373,1.97444,2.04232,1.57421,1.73690,1.73062,2.04979,1.98494
2.21023,2.69026,2.61901,2.46089,2.59196,2.11481,1.74547,2.00291,1.45637,1.30244,1.57869,1.74098,1.66841,1.46571,1.42197,1.46634,1.29076,1.49052,1.49787,1.63140
3.20884,3.11857,2.93690,2.90465,3.00999,3.01642,3.14915,2.86133,2.63259,2.82113,2.66872,3.09697,2.92933,2.95581,3.48644,3.51792,3.22862,2.97599,3.03729,3.49441
-1.45434,-1.42306,-1.42487,-0.88133,-1.07980,-1.53257,-1.56348,-1.78290,-1.49785,-2.22117,-1.89675,-1.62881,-1.42964,-1.03639,-0.82416,-0.94928,-0.93798,-0.75081,-1.08390,-0.91941
-1.43174,-1.19640,-1.45886,-1.61825,-1.79921,-1.40431,-1.26123,-1.09134,-1.20373,-1.70645,-1.44409,-1.52410,-1.52637,-0.94833,-0.85460,-0.53912,-0.57272,-0.32399,-0.34438,-0.09712
-1.67304,-1.46340,-1.54172,-1.59630,-1.44260,-1.59426,-1.74817,-1.42868,-1.50581,-1.51976,-1.96998,-2.01485,-2.17648,-1.84947,-2.33941,-2.35730,-2.79343,-2.99009,-2.93295,-2.90450
0.96315,0.95608,0.89247,0.52778,0.75204,0.86813,0.72520,0.62245,0.39923,0.29214,0.36465,0.18309,0.34816,0.46950,0.37416,0.46089,0.35774,0.61810,0.82513,0.84586
7.62389,7.57769,7.88145,7.83507,7.86279,7.57016,7.48393,7.51315,7.11869,7.68571,7.57619,7.38252,7.51763,7.25125,6.78817,6.88190,6.86898,6.32928,6.00273,6.43428
2.64527,2.31485,2.35819,2.28946,2.70299,2.37836,2.30598,2.58961,2.91482,2.29721,2.56570,2.40111,2.43416,2.63718,2.69924,2.58092,2.40884,2.35329,2.20467,2.48156
0.72045,0.57265,0.67583,1.12113,1.02236,0.91504,0.92182,1.16291,1.01898,0.61422,0.41719,0.77567,0.61066,0.59641,0.76467,0.82544,1.12734,1.18475,1.03400,0.79807
-8.04109,-7.82936,-7.98784,-7.86446,-7.69408,-7.87826,-7.59985,-8.04634,-8.03759,-8.25387,-8.00638,-7.69459,-7.72926,-7.27127,-7.30092,-7.11603,-7.15474,-6.82600,-6.97253,-7.25266
-6.16462,-6.14265,-5.74414,-5.70290,-5.10716,-4.63158,-4.25897,-4.52881,-4.54311,-4.29585,-4.26447,-4.68331,-4.53356,-4.23228,-4.52314,-4.37241,-4.32559,-4.12417,-4.40772,-4.14405
-2.47145,-2.54874,-2.10538,-2.23740,-2.46814,-2.42368,-2.26866,-2.18843,-1.90106,-1.88379,-1.78111,-1.57422,-2.20618,-2.31026,-2.18552,-1.73456,-2.11573,-2.00640,-1.83439,-1.95920
0.01322,-0.29951,-0.22438,-0.21642,-0.07012,0.14335,0.18036,0.03708,-0.20036,-0.69405,-1.08254,-1.16662,-1.20895,-1.27420,-1.63074,-1.43352,-1.58278,-1.56072,-1.46018,-1.36038
-0.17448,-0.25099,-0.14956,-0.51211,-0.44131,-0.43434,-0.66887,-0.36495,-0.21675,0.10087,0.52203,0.55288,0.97146,0.47279,0.28637,0.15104,0.14678,-0.02901,0.11468,0.47597
0.40356,0.61322,1.00337,0.88046,1.05223,1.05339,1.34811,1.45114,1.87215,1.97855,1.91499,1.57980,1.79070,1.84847,1.87809,2.17636,1.90136,2.30925,2.53516,2.79005
2.44637,2.68950,2.15484,1.95576,2.41330,2.31037,2.39988,2.15832,1.77751,2.16127,2.29030,1.82747,1.74450,1.96895,2.12446,2.29474,2.32748,2.78376,2.79633,2.42069
-6.15731,-6.18519,-6.38621,-6.22867,-5.95803,-5.62469,-5.69281,-5.75682,-5.23080,-5.64687,-5.40375,-5.16240,-4.95531,-4.85720,-4.82125,-4.70159,-5.01713,-5.72258,-5.60013,-5.55764
2.43729,1.99937,2.25316,2.17706,1.85353,1.92772,1.37909,1.17107,1.51751,1.31651,1.27310,1.49846,1.23170,1.26412,1.16585,1.14507,1.40632,1.34934,1.40711,1.50068
-3.38329,-3.85328,-3.61812,-3.96565,-4.17376,-4.10510,-4.74113,-4.26383,-4.33895,-4.72195,-4.38707,-4.70771,-5.02631,-5.25477,-5.76960,-5.80100,-5.63363,-5.35186,-5.19346,-5.63735
-0.87381,-0.91232,-0.62302,-0.46217,-0.53648,-0.52013,-0.45771,-0.32325,-0.54444,-0.32998,0.02215,0.00329,-0.06335,0.05295,-0.02447,-0.23171,-0.37197,-0.00933,0.60602,0.57363
1.76368,2.51186,2.15926,2.10967,2.27769,2.52952,2.58599,1.90748,1.56543,1.43217,1.44802,1.22742,1.09617,1.14449,1.52158,1.50112,1.66248,2.13678,2.67546,2.63642
5.15265,4.63203,4.76184,5.37434,5.42813,5.84742,5.77119,5.75620,5.97901,5.67055,5.45687,5.96815,5.20587,5.18526,4.83459,4.82253,4.80004,4.73744,4.25799,4.73930
5.82648,6.24831,6.02314,6.20851,6.38422,6.32618,6.33650,6.00122,6.25323,5.84560,5.93443,6.06341,6.35876,6.45118,6.19214,5.55076,5.76872,5.79933,5.58052,6.11592
8.73665,8.37294,8.39918,8.11153,8.04407,7.50238,7.23010,7.60656,7.60030,7.54964,6.71762,6.96187,7.47727,7.44230,7.63795,7.50071,7.33537,6.95751,6.60881,6.92996
1.86665,2.09124,2.55224,2.55406,2.73943,2.97365,3.31590,3.12416,2.83409,3.40602,3.29337,3.29752,3.18126,2.95868,2.84922,2.65767,2.96915,2.53746,1.87052,1.43756
-3.44009,-3.28401,-3.38433,-3.14159,-3.08874,-3.42097,-3.34549,-3.67971,-3.67705,-4.02796,-3.68341,-3.95850,-4.60886,-4.53844,-4.13354,-4.27896,-4.38489,-3.93086,-3.83380,-4.01631
5.13391,5.04952,4.82904,4.76938,4.99099,4.79295,5.33258,5.65554,5.84405,6.21825,5.88154,5.97398,5.98743,6.03894,6.10036,6.19496,6.59672,6.37111,6.65442,7.00009
-2.64491,-2.30900,-2.37538,-2.32803,-2.34902,-2.17147,-2.33079,-2.46794,-2.27169,-2.76064,-2.52648,-3.26858,-3.29127,-2.96064,-3.23435,-3.56703,-3.47904,-3.36253,-2.96403,-2.52107
1.08930,1.03354,1.26143,1.22531,0.97601,0.92634,0.97531,0.79621,0.87521,1.06296,1.52369,1.74105,1.33716,1.41879,1.01269,1.16131,1.34830,1.99598,2.13117,2.56069
-2.48842,-2.21033,-2.09893,-1.93571,-2.06740,-1.83691,-1.64339,-1.44741,-1.52879,-2.05606,-1.75248,-1.35837,-1.61887,-1.63864,-1.65988,-1.27698,-1.34887,-1.23991,-1.53692,-1.52804
4.22957,4.90458,4.70867,5.38350,5.01214,4.64418,4.51180,4.16631,3.77458,4.21811,4.14851,3.89523,4.50888,4.59229,4.90395,4.82319,4.72781,4.84893,5.19220,5.24063
-1.49871,-1.53623,-1.67913,-1.61987,-2.01388,-1.65272,-1.63013,-1.66200,-1.58907,-1.29546,-1.63526,-1.14398,-1.10160,-0.87306,-1.72150,-1.98978,-2.32664,-2.41083,-2.70776,-2.47998
0.92473,0.89558,0.92349,0.85891,0.65795,0.81644,0.29891,0.15489,0.28186,0.37847,0.53794,0.61651,0.49196,0.41649,0.51660,0.52201,0.44772,0.69080,0.48312,0.77611
2.61044,3.22392,3.27949,2.98662,2.96564,3.03801,3.22811,3.43037,3.65842,3.51744,3.59704,3.09187,3.26373,2.87036,2.70575,2.94646,3.40987,3.72877,3.20720,3.28191
5.61730,5.70818,5.39365,5.33734,5.76710,5.46228,4.98298,4.66225,4.66534,4.21591,3.98399,3.47387,3.43320,3.34056,3.33108,3.43399,3.23725,3.25449,3.00890,3.05281
4.19216,4.19092,4.52243,4.37670,4.49712,3.92991,3.65245,3.36009,3.51559,2.73964,2.64232,2.67795,2.52182,3.18485,3.10450,3.17925,3.14275,3.71065,4.14203,4.20123
5.28112,4.91471,4.69747,4.96758,5.06212,5.28481,5.02055,5.22583,5.34078,5.73225,5.58461,5.74902,5.86073,5.34648,5.48634,5.31761,5.37005,5.32491,5.12629,4.91326
5.68178,5.36077,5.39298,5.40959,5.01538,5.45425,5.90084,6.17663,6.16722,6.19801,5.98083,6.48223,5.80077,5.60800,5.81960,4.96562,4.57493,4.44355,3.94764,4.21742
6.98712,7.28533,7.15062,6.74288,6.90149,7.12971,7.45211,7.60920,8.27012,8.16982,8.52073,8.49808,8.41028,9.10658,8.66340,8.48841,8.21417,8.23288,8.09414,8.21385
-0.93559,-0.79797,-0.97506,-0.77632,-0.85053,-0.86092,-0.91828,-0.83757,-1.03350,-0.92241,-0.90338,-1.22066,-1.36534,-1.16166,-0.97541,-0.63522,-0.84298,-0.94048,-0.95378,-0.85813
-1.35621,-0.97957,-0.99504,-0.89006,-0.55292,-0.39850,-0.41717,-0.37913,-0.40547,-0.67797,-0.49900,-0.63679,-0.38478,0.14098,0.14382,0.30504,0.40601,0.74094,0.84796,0.90748
0.75278,0.85044,0.62036,0.51457,0.40609,-0.03088,-0.04318,-0.01508,0.21356,0.21123,0.09652,0.22584,0.27963,0.28467,-0.36922,-0.46734,-0.70022,-0.69593,-0.87247,-0.86348
1.18025,0.91929,0.98418,0.65861,0.97044,1.02604,1.26195,1.49006,1.19860,1.39638,1.23623,1.24637,1.36326,1.64111,1.65141,1.70596,1.53201,1.42621,1.40584,0.92499
-0.81582,-0.55635,-0.24918,-0.45680,-0.17011,-0.00327,0.65598,0.49255,0.24380,0.38150,0.08734,0.52602,0.54939,0.12942,0.10595,-0.25285,-0.02269,0.14743,-0.08766,-0.28756
-0.05994,0.04090,-0.27546,-0.22422,-0.40635,-0.04988,-0.05478,-0.42124,0.07174,-0.20893,-0.08457,0.16720,0.11522,0.36318,0.40431,0.48762,0.45062,0.40593,-0.03375,-0.03036
-0.75467,-0.53920,-0.60290,-0.72909,-0.97125,-0.93031,-1.41709,-1.18171,-0.94295,-0.96003,-0.70192,-1.03361,-1.34959,-1.10635,-1.07186,-1.18174,-1.19972,-1.24102,-1.17815,-1.38400
-0.19104,-0.10899,0.09828,-0.10525,0.37283,0.48835,0.44360,0.04399,-0.57846,-0.06865,-0.01286,0.05327,0.06482,0.08915,0.13275,0.18433,0.17759,0.03843,0.09831,0.00843
-6.47103,-6.58771,-6.19479,-6.06296,-6.14141,-6.34689,-6.73095,-6.91743,-6.90753,-6.62695,-6.34059,-6.60988,-6.94027,-7.18620,-7.37864,-7.47276,-7.05725,-7.25758,-7.43351,-7.41175
-3.59658,-3.78006,-3.99626,-3.93661,-3.59444,-3.73428,-3.37507,-3.23448,-3.08095,-2.78959,-2.99806,-2.88435,-2.90938,-2.67289,-2.64070,-2.76373,-2.81815,-2.94463,-2.99176,-2.85772
-0.62858,-0.66294,-0.91838,-0.66647,-1.13092,-1.03765,-1.16149,-1.15982,-1.15649,-1.59444,-1.58954,-2.14810,-2.56733,-2.50859,-1.97539,-2.31348,-2.01446,-2.75020,-2.75252,-2.27295
-1.56837,-1.42406,-1.17980,-1.17666,-1.22816,-1.51665,-1.34707,-1.24443,-1.26196,-1.07027,-0.98022,-0.79635,-0.76330,-0.92068,-1.18224,-1.34705,-1.29372,-0.87473,-0.83875,-1.00122
-0.83724,-1.27073,-1.46432,-1.41894,-1.69850,-1.64106,-1.59269,-1.39385,-1.17607,-1.45625,-1.39241,-1.40685,-1.17849,-1.24130,-1.02021,-1.19129,-1.25157,-0.99950,-1.07227,-1.31862
-1.58095,-2.26404,-1.93609,-1.88541,-1.43906,-1.46573,-1.52936,-1.91217,-2.09116,-1.84434,-2.11968,-2.14442,-2.43249,-2.76125,-2.96727,-2.70799,-2.89164,-2.62408,-2.33555,-1.92275
8.54850,8.45596,8.14733,7.99442,7.49276,7.82716,7.53934,7.41710,8.03435,8.48140,8.43696,8.91353,9.00672,8.98079,8.47340,8.45997,7.95049,8.31540,8.76377,8.73224
1.86071,1.79936,1.98257,1.95062,2.15374,2.27245,2.05164,1.89907,1.46803,1.35194,1.45094,1.43119,1.48325,1.75441,1.95533,1.73001,1.93014,2.06699,1.97075,2.20181
4.72783,4.76490,4.41768,4.95832,5.15344,5.21100,4.42121,5.06821,5.31918,5.08566,5.36263,5.07599,5.58206,4.95233,4.26991,4.68044,4.85813,5.43762,5.35012,5.17934
5.20307,5.12097,5.48210,5.57743,5.68789,5.94137,6.12805,5.55884,5.54566,5.25511,5.49427,4.79170,5.06968,5.07396,4.67291,4.72506,4.67887,4.71266,4.63994,4.59415
4.39364,3.88235,4.06552,3.82117,3.71055,3.50452,3.47185,3.74466,3.44852,3.75332,3.22581,3.02129,2.76659,2.71801,2.77187,2.39553,2.30111,2.54957,2.61612,2.02322
4.39943,4.42277,4.07949,4.29378,4.48068,4.04047,4.28352,4.82380,5.45831,4.94924,5.38500,5.11601,5.37731,4.97546,5.17504,5.53179,5.60816,5.28796,5.79418,5.18237
2.28729,2.58936,2.60035,2.41791,2.18397,2.24532,1.68394,1.60533,1.91469,2.04745,2.15707,2.40810,1.93092,2.05322,1.99380,2.46840,2.77954,2.84913,2.76781,2.71680
2.13032,1.87855,1.39751,1.54273,1.02168,0.81055,0.30084,0.21148,0.63297,0.33390,0.22817,0.34014,0.33957,0.14978,-0.01648,-0.01630,0.17666,0.17095,0.25216,0.04855
1.79405,1.58167,1.67256,1.96602,1.72879,1.98200,1.54573,1.70605,1.44447,0.94852,0.59012,0.85264,0.74942,0.67420,0.56569,0.72640,0.70025,0.31060,0.69091,0.73538
1.86603,1.59813,1.30013,1.63338,1.94207,1.77797,2.04494,2.29328,1.64934,1.60481,1.45106,1.44358,1.25461,1.38702,1.42056,1.29275,1.30431,1.32779,1.93688,2.70262
3.57646,3.56155,3.47998,3.45779,3.32043,3.33014,2.77845,2.41055,2.38078,2.09147,1.68850,1.55931,1.81780,1.37008,1.32231,1.75189,1.44024,1.71216,1.64036,1.59566
-0.87537,-0.57041,-0.90587,-1.07975,-1.25966,-1.39773,-1.19804,-1.64710,-1.47708,-1.49188,-1.85841,-1.80362,-2.01675,-1.88672,-1.42823,-1.67523,-1.84969,-1.34876,-1.09334,-1.17413
-0.17052,0.05451,0.08667,0.19737,-0.18716,-0.20941,-0.38920,-0.48803,-0.47368,-0.42500,-0.27340,-0.40264,-0.52554,-0.58781,-0.55579,-0.64528,-0.43136,-0.02716,-0.05577,0.36105
5.17451,4.55914,4.28488,4.01789,4.16785,4.04433,4.05759,4.54665,4.49263,4.93197,4.65044,4.22759,4.11386,3.73682,3.87417,3.82384,3.83970,3.74771,3.29881,3.23296
0.60645,0.63760,1.06319,0.99436,0.92359,0.86477,0.61779,0.85268,0.82960,0.63727,0.79185,0.34136,0.54367,0.44262,0.31114,0.22338,0.22382,0.22357,0.53107,0.53226
-10.02145,-9.51559,-9.95859,-10.25457,-10.11889,-9.85837,-9.49564,-9.49561,-9.93932,-10.03519,-9.60362,-9.22896,-9.58553,-9.85123,-10.11629,-9.77822,-9.56299,-9.85073,-9.58493,-9.52167
0.26737,0.32866,0.47327,-0.04195,0.04402,0.44768,0.70770,0.66129,0.89404,0.98183,0.88919,0.88595,1.03840,0.75789,0.59855,0.54327,0.49481,0.48574,0.32190,0.10688
-6.00541,-5.30699,-5.52037,-5.63718,-5.88433,-5.69345,-6.04049,-5.60515,-5.69945,-5.24778,-5.00026,-4.94480,-5.12533,-4.79684,-4.57415,-4.61655,-4.70475,-5.01015,-4.81218,-4.50312
8.04327,7.84566,8.01556,8.23190,8.21660,7.74074,7.56231,7.11315,7.17387,6.96203,6.81154,6.73734,6.89270,7.03436,6.51714,6.58587,6.36664,6.49686,6.46270,6.77268
-0.68741,-0.59465,-0.91693,-0.97981,-0.86301,-1.10885,-1.22955,-0.76741,-0.74172,-0.71546,-1.27043,-1.13978,-1.29417,-1.64888,-1.61228,-1.26224,-1.44892,-1.42567,-1.28277,-1.34343
1.19210,1.08311,0.70462,0.84783,1.11152,1.08140,0.96914,1.10176,1.53632,1.61788,1.66498,2.01875,2.20878,1.97075,1.72047,1.53231,1.20175,1.08088,0.98126,0.81765
7.05021,6.59786,6.86548,7.33183,7.89375,8.03867,8.32557,8.14513,8.43117,8.10662,8.52019,8.41979,8.55804,8.88927,8.71106,9.50286,9.47049,9.32365,9.40004,9.23458
-6.47233,-6.50402,-5.83591,-5.87218,-5.50236,-5.83722,-5.57192,-5.55377,-5.62392,-5.75239,-5.44668,-5.12164,-5.11530,-5.23012,-4.59375,-4.64026,-4.55467,-4.62451,-4.72593,-4.09540
-5.01033,-5.16955,-5.35607,-5.14429,-4.76289,-5.22461,-5.64075,-5.99559,-5.33213,-6.32417,-5.96098,-5.68642,-5.71479,-5.76522,-5.70593,-5.20002,-4.90975,-5.30208,-5.14654,-5.96593
-2.16121,-2.56973,-2.93029,-3.35982,-3.01126,-3.02481,-3.12525,-3.52343,-3.95705,-3.98432,-4.18057,-4.03668,-4.17388,-3.85779,-3.54895,-2.75766,-2.91871,-2.80718,-2.93178,-2.81373
-3.75205,-3.48081,-3.61218,-4.22513,-4.01559,-3.80099,-4.36891,-4.26471,-3.68367,-3.38132,-3.57784,-4.13078,-3.99227,-3.79384,-3.56849,-3.96586,-4.31146,-4.53129,-4.44711,-4.31439
-1.06669,-0.75013,-0.64883,-0.64695,-0.67420,-0.98130,-1.13565,-1.09887,-0.95365,-0.92525,-0.65225,-0.77056,-1.03422,-0.99283,-0.86894,-0.38578,-0.52892,-0.67553,-1.01358,-0.98755
-1.48847,-1.66453,-1.76536,-1.71974,-1.85973,-1.75529,-1.35226,-1.23525,-1.65270,-2.08681,-1.86191,-1.72487,-1.67622,-1.98671,-2.21648,-2.32360,-2.89864,-3.11438,-3.22734,-3.37311
1.35779,1.29345,1.29754,1.91891,1.80153,1.20149,1.46444,1.24810,1.17541,1.03066,0.72459,0.44961,0.42348,0.38012,0.28866,0.48445,0.70188,0.54167,0.82813,0.84491
5.95746,5.58397,5.75738,5.60883,5.61490,5.52004,5.75668,5.85037,6.40908,6.50034,6.38849,6.69982,6.60636,6.24733,6.09214,6.39806,6.02886,6.13639,5.90162,5.94765
0.06455,-0.27029,-0.35928,-0.31235,-0.64222,-0.66473,-0.55100,-0.59223,-0.87419,-0.73024,-0.73347,-0.78745,-0.93011,-0.98732,-0.85057,-0.42748,-0.43476,-0.51938,-0.20932,-0.41971
-4.44505,-4.49400,-4.45634,-4.86336,-4.57963,-4.67844,-4.49829,-4.23408,-3.98938,-4.18737,-4.50654,-4.06527,-4.23994,-3.88190,-4.01408,-4.15868,-4.55992,-4.12109,-4.25326,-4.01111
3.34354,3.25444,2.98591,2.62095,2.59857,1.97458,2.43366,2.20546,2.28847,1.99635,1.72415,2.28029,2.24883,2.31881,2.09527,2.39144,2.67108,1.83220,1.75220,1.88335
1.27228,1.01495,0.93224,0.98052,0.77780,0.52042,0.43206,0.53797,0.67568,1.14245,1.32524,1.29399,1.39778,1.08362,1.37785,1.83778,2.38866,2.33991,2.41048,3.20255
1.38342,2.09886,1.62568,1.34638,1.55382,1.59431,1.39248,1.55937,1.24502,1.23541,1.11791,1.15517,1.22943,1.31169,1.60533,1.83519,2.36689,2.56032,2.74491,3.00051
1.82269,1.69638,1.51293,0.87647,0.45675,0.74257,0.65528,0.91541,0.92864,0.86848,0.65539,0.85302,0.88467,0.78640,0.92857,1.15896,1.19821,1.29810,1.02278,1.04822
-3.94810,-4.55719,-4.73048,-4.78624,-4.73084,-5.28845,-5.25349,-5.18143,-5.78068,-5.22202,-4.75703,-4.53836,-4.29997,-3.50444,-3.36653,-3.72438,-3.98506,-4.17439,-3.72717,-3.72886
0.84948,0.69977,0.74053,0.83208,0.87970,1.10934,1.28812,1.52919,1.42489,1.36547,1.41713,1.56872,1.53351,1.91317,2.07754,1.67138,1.15778,1.37620,1.50616,1.61108
5.36901,5.16002,4.93843,5.79320,5.84648,6.41804,6.83191,7.06752,7.14193,7.27844,7.53096,7.60095,7.31879,7.15256,7.91615,7.69905,7.34624,7.47954,7.54317,7.19832
6.53324,6.65485,6.74219,6.80903,6.60746,6.65292,6.82721,6.59126,6.53996,6.11763,5.90044,6.04446,6.01539,5.80834,6.04491,5.75907,5.72763,5.47994,5.69118,5.65991
8.07483,7.79060,7.49564,7.42419,7.54529,7.09976,6.84600,6.91624,7.15048,6.99756,7.07031,6.84613,6.74612,6.55154,6.95187,6.73710,7.02965,7.16755,7.31838,7.34246
5.31212,5.42281,5.08825,4.76521,4.62659,5.33347,5.50425,5.55052,5.80015,5.45556,5.59152,4.88271,4.68200,4.35985,4.77744,5.20584,5.48015,5.60679,6.02760,6.17705
-7.19906,-6.97900,-6.76801,-6.22565,-6.29555,-5.82233,-5.73217,-5.50065,-5.30137,-5.63235,-5.53396,-4.61082,-4.39611,-4.28478,-4.22446,-3.98611,-4.15949,-4.25635,-4.15210,-4.06705
-6.65299,-6.75058,-6.57712,-6.45486,-5.94321,-5.26896,-5.26195,-5.52437,-5.87723,-6.29150,-6.82113,-7.02006,-6.63769,-6.25665,-5.60727,-5.33350,-5.65631,-5.33000,-5.54755,-6.07238
-10.16010,-10.08407,-10.08176,-9.90113,-9.61203,-9.49757,-9.03742,-8.29141,-7.84326,-8.39688,-8.81980,-8.46305,-8.16303,-8.26570,-8.86244,-8.93564,-8.47308,-8.11839,-8.10770,-8.09506
-5.64113,-5.68786,-5.55533,-5.72801,-5.87460,-5.74141,-5.46758,-5.10321,-5.36861,-5.67465,-5.76339,-5.54403,-6.05691,-5.92219,-6.03421,-5.67989,-5.47155,-5.48168,-5.27572,-5.48007
0.70027,0.78045,0.50575,0.88341,0.59496,0.83260,1.05346,1.05712,1.40862,1.32619,1.74485,1.47946,1.44653,1.21627,0.92100,0.85879,0.70174,0.57731,0.82603,0.69249
-2.57554,-2.45253,-3.03654,-2.62842,-2.92440,-3.01820,-2.85934,-2.82578,-2.74315,-2.93495,-2.92077,-2.41153,-2.33502,-2.27209,-2.23990,-2.38699,-2.70976,-2.73677,-2.84130,-2.56849
-3.89019,-4.08709,-3.96250,-4.03551,-4.11388,-3.62262,-3.37114,-3.63272,-3.51354,-3.37297,-3.80646,-4.65437,-4.34501,-4.23272,-3.93787,-4.03007,-3.88923,-4.30381,-4.29293,-4.14253
-6.09395,-6.51988,-6.78394,-7.21208,-7.32517,-7.64516,-7.78590,-7.54871,-7.76837,-7.76085,-7.72652,-8.24037,-8.13430,-7.61752,-7.37943,-7.46994,-7.54317,-7.50796,-7.46143,-7.46660
-1.28773,-1.66062,-1.73807,-1.18634,-1.31290,-1.07426,-1.52667,-1.97298,-1.78917,-1.97200,-1.75175,-1.86270,-1.43060,-1.35616,-1.32450,-1.34151,-1.26445,-1.58503,-1.18400,-1.44641
-2.98322,-2.64369,-2.71003,-2.46335,-2.76340,-2.61307,-2.52013,-2.55622,-2.23605,-2.14697,-2.58619,-2.88647,-3.21832,-3.56175,-3.77298,-3.84314,-4.22052,-4.53848,-4.57741,-4.70381
0.07024,0.22772,0.08311,0.14558,-0.37116,-0.01891,0.01228,0.07045,0.07118,0.22755,0.21942,0.07825,-0.32333,-0.41272,-0.57573,-0.64232,-0.97538,-0.99044,-0.88306,-0.49667
-4.30327,-4.66834,-4.51279,-4.14398,-4.18103,-4.57408,-4.64314,-4.85950,-4.42712,-4.44183,-4.70014,-5.05222,-5.25032,-5.05687,-4.39946,-4.63019,-4.99211,-5.66461,-5.97464,-5.96561
-2.13770,-1.95161,-1.83564,-2.03377,-2.39990,-2.75804,-2.81737,-2.78164,-3.03195,-2.69662,-2.46316,-2.49440,-2.35810,-2.71382,-3.02183,-2.83944,-2.36570,-2.00569,-2.10359,-2.68937
-3.63709,-3.36274,-3.08201,-2.94485,-3.22028,-2.95822,-2.94889,-3.03080,-3.04241,-3.40079,-3.34257,-3.66758,-4.11704,-4.23389,-3.89668,-3.18489,-3.37408,-3.47119,-3.33772,-3.40860
8.60041,8.62998,8.18471,7.97715,7.59245,7.77262,7.36602,7.58835,7.17478,6.49053,5.69258,5.40407,5.65324,5.55083,5.33461,5.32994,5.19804,5.24898,5.23011,5.17245
-4.20455,-4.63516,-4.15983,-3.84906,-3.84884,-3.69195,-4.11040,-4.00985,-4.22051,-4.78574,-4.78062,-4.96922,-4.72574,-4.65741,-4.73758,-4.59081,-4.75238,-4.50802,-3.93798,-3.06371
-2.81500,-3.21904,-3.63042,-3.61561,-3.97606,-3.57283,-3.45237,-3.82846,-4.20050,-3.90755,-3.35827,-3.65614,-2.93438,-2.76033,-2.33539,-2.07643,-2.39572,-2.60129,-2.46901,-3.17323
-0.90160,-1.30078,-1.24284,-0.86814,-0.97749,-0.98754,-0.92386,-0.88555,-1.35841,-1.34312,-1.25846,-1.17320,-1.05539,-0.89781,-1.14351,-1.68076,-1.92436,-2.16493,-2.06290,-1.86388
0.82017,0.87285,1.20581,1.13462,0.98569,0.85163,1.06232,1.19286,1.08689,0.90827,1.01740,1.05456,0.85346,0.96720,0.91836,0.76679,0.74648,1.53898,1.55527,1.24527
-0.99010,-0.68065,-0.32414,-0.38205,-0.48072,-0.60773,-0.41134,-0.24699,0.03717,0.18046,0.22169,0.57399,0.54326,0.57187,0.28708,0.62099,0.54561,0.59476,0.30482,0.19433
0.39361,0.41473,0.07363,0.50830,0.71346,0.53599,0.57177,0.39280,0.55388,0.36054,0.32277,0.22084,0.36721,0.60848,0.18486,0.52141,0.32384,0.09753,0.02857,0.31711
-2.86198,-2.69244,-2.48740,-2.26200,-2.30675,-2.38458,-2.54854,-2.25509,-2.08044,-1.86506,-1.47502,-1.05558,-0.99427,-0.91658,-0.74883,-0.72219,-0.45100,-0.48825,-0.46649,-0.27872
1.46991,1.60143,1.26830,1.39975,1.64740,2.07885,1.93217,2.10855,2.16301,2.44994,2.52865,2.05616,2.00036,2.11444,2.47595,2.52403,2.68689,2.10526,2.12533,1.79405
-3.90796,-4.19466,-3.86031,-3.76023,-3.67245,-3.47639,-3.58309,-3.32744,-3.11078,-3.50694,-3.99692,-3.82714,-4.13079,-4.19433,-3.90349,-3.55389,-3.75348,-3.84365,-3.72736,-3.87014
-1.68602,-1.77448,-1.98132,-2.34962,-2.89649,-2.62471,-2.60642,-2.24179,-2.47624,-2.35979,-2.24381,-2.04157,-1.95701,-1.83098,-1.82898,-2.41436,-2.87015,-2.30462,-2.20987,-1.96421
-0.27423,-0.60977,-0.70519,-0.69390,-0.88025,-0.45518,-0.26600,-0.24374,-0.50190,-0.41683,-0.48688,-0.63955,-0.79507,-0.69825,-0.82715,-0.81217,-0.91112,-0.67283,-0.72534,-0.66473
1.60955,2.02556,1.96223,2.00972,2.00976,1.87286,1.72514,1.70359,2.00912,2.21132,1.81449,1.82434,1.42641,1.28427,1.42392,1.55180,1.97247,2.00772,1.98759,2.03596
4.89691,4.96667,4.89919,5.09076,5.54867,5.48068,5.01515,5.80531,5.73088,5.59868,5.79047,5.81164,5.70332,5.44878,5.75516,6.14173,5.79853,5.88332,5.87277,6.42223
-3.60383,-3.30933,-3.66553,-3.33226,-3.32272,-2.88573,-2.73539,-2.56545,-2.33191,-2.26764,-2.44707,-2.51967,-2.97597,-3.41408,-3.26775,-3.10577,-3.12360,-2.94325,-3.15428,-3.31037
4.38299,4.29079,4.59515,4.73432,4.44857,4.59786,4.17118,3.88714,4.02018,4.30401,4.26937,4.35302,4.14423,4.19546,4.50671,4.05196,4.17228,3.49254,3.64918,3.46093
1.25812,1.08036,1.22688,1.07915,0.85792,0.87431,0.56753,0.56016,0.61079,0.56160,0.64465,0.40482,0.32956,-0.08700,-0.21665,-0.37202,-0.03740,0.26064,0.51264,0.52793
-0.46695,-0.50613,-0.66789,-0.71221,-0.78214,-0.65345,-0.59657,-0.32901,-0.38357,-0.46451,-0.43878,-0.65521,-0.42495,-0.65058,-0.66589,-0.21884,0.15870,0.55492,0.79935,0.96102
4.90000,5.07770,5.41181,5.49999,5.48200,6.10218,6.31291,6.54706,6.32095,5.99035,5.65350,5.88686,5.90149,5.59453,5.02811,4.99674,4.69650,4.93735,4.99132,5.18477
4.27332,4.63701,4.34327,4.73893,5.49706,5.79308,5.74459,6.28144,5.95163,5.68495,5.39319,5.83681,5.91551,5.92750,5.89992,5.33877,5.76597,5.85527,6.58585,7.00384
10.13107,10.41945,10.69585,10.72881,10.99407,10.50100,10.18404,10.08812,9.53840,9.82257,9.95285,10.07850,10.28036,10.54094,10.11594,9.92686,10.20028,10.23835,10.65476,10.22258
-1.90256,-1.43206,-1.20430,-1.28470,-1.42599,-1.23046,-1.08202,-0.67144,-0.53753,-0.21524,0.30827,-0.30807,-0.44697,-0.36176,-0.30856,-0.24236,-0.05941,-0.12672,0.36782,0.26763
3.21088,4.11245,4.94794,5.09695,4.89240,4.58192,4.21786,3.84716,3.66855,3.76676,3.98839,4.17765,4.54674,4.60396,4.38247,4.55174,4.62801,4.62973,4.64514,4.51978
5.93800,6.18057,6.93334,7.82911,7.44327,7.48433,7.20488,7.13038,6.73348,6.32389,5.88252,6.13691,6.27912,6.40606,6.35903,6.44368,6.28821,6.33082,6.11558,6.36111
2.67814,2.56912,2.59661,3.15219,3.45244,3.73027,3.41985,3.75009,3.72524,3.64268,3.69208,4.62173,4.33680,4.24780,4.42175,4.86165,5.21521,5.38319,5.16292,5.34104
5.93807,5.57873,5.80816,5.17274,4.92721,4.60617,4.41150,4.47660,4.41737,3.92443,3.51620,3.73458,3.20890,3.05978,3.07834,3.42438,3.57055,3.61553,3.94064,3.70290
-0.31299,-0.51480,-0.45283,-0.37331,-0.68846,-0.53670,-0.48567,-0.47784,-0.29776,-0.62690,-0.70732,-0.90721,-1.26310,-1.28261,-1.63956,-2.22358,-2.25548,-2.29181,-2.63039,-2.91075
4.05170,4.56490,4.64963,5.15472,4.77034,4.94597,5.40153,4.98837,5.14111,4.79665,4.79284,4.56920,4.66034,4.77379,5.44658,5.91184,6.21973,6.06823,6.39751,6.29286
0.46115,0.72701,0.59541,1.10963,1.00436,0.53196,-0.04104,0.08210,0.27243,0.28672,-0.03338,-0.27896,-0.23529,-0.29054,-0.49204,-0.09240,-0.10938,-0.02817,0.43829,0.36486
5.07813,5.28108,5.57627,5.70536,5.77079,5.99019,5.86869,5.77411,5.96801,6.50416,6.62281,6.50123,6.61178,7.21410,7.12484,7.38502,7.44213,7.70023,7.59360,7.35523
-2.16822,-1.98319,-1.74256,-1.51968,-1.30667,-1.12557,-0.88707,-1.10739,-1.31573,-1.34952,-1.00640,-1.02538,-0.71137,-0.90103,-0.49196,-0.37349,-0.60199,-0.75983,-0.64988,-0.69779
-3.68437,-3.40435,-2.91884,-3.21295,-3.14559,-3.40267,-3.38692,-3.18643,-3.09967,-3.19785,-3.41882,-3.06527,-3.34187,-3.92725,-4.19222,-4.34507,-4.75058,-4.63580,-4.70583,-4.10901
-2.24086,-2.38082,-2.07380,-1.88665,-1.85541,-1.88729,-1.57109,-1.58479,-1.73293,-1.68445,-1.56615,-1.21529,-1.38954,-1.33982,-0.94871,-0.80688,-0.52570,-0.53984,-0.45534,-0.57336
-2.62151,-2.81089,-2.81161,-2.92284,-3.24720,-3.12921,-2.58272,-2.54138,-2.74915,-2.95147,-2.97388,-2.97717,-2.89786,-2.89276,-2.92793,-3.38017,-3.27394,-3.46295,-3.48277,-3.81371
-0.72094,-0.81136,-1.26424,-1.31124,-1.56187,-1.42906,-1.42156,-1.59513,-1.53193,-1.72873,-1.68074,-1.75363,-2.17157,-2.48356,-2.65825,-2.50840,-2.82293,-2.71281,-2.52592,-2.83600
-3.44391,-3.56050,-3.54347,-3.76888,-4.41126,-4.03589,-4.10010,-3.85453,-4.06419,-4.07059,-3.89066,-3.63463,-3.48616,-3.38411,-3.13331,-2.91275,-2.78024,-3.31159,-3.30195,-3.68167
-4.42894,-4.43436,-4.55715,-4.45024,-4.21035,-4.28262,-4.44391,-4.55984,-4.64293,-4.77779,-4.63691,-5.08014,-5.05721,-4.76489,-4.82151,-4.20718,-4.50664,-4.33021,-4.12845,-3.40266
-3.03743,-2.66474,-2.59653,-2.56631,-2.04175,-2.11158,-2.09455,-2.54879,-2.33465,-2.39391,-2.34887,-2.47763,-2.55038,-2.16856,-2.37403,-2.54278,-2.28798,-1.87566,-1.78055,-1.72071
-1.01491,-1.51984,-1.01105,-1.05925,-0.97394,-1.20741,-1.19410,-0.68506,-0.94057,-1.15907,-1.16176,-1.36480,-1.44897,-1.61985,-2.13616,-2.37392,-2.96299,-3.27375,-3.25935,-2.98747
-1.98786,-1.62297,-1.53249,-1.31673,-0.97141,-1.06991,-1.00192,-1.01470,-1.41434,-1.32074,-1.25726,-1.04117,-0.89126,-0.45450,-0.40408,-0.45809,-0.24939,-0.25555,-0.59505,-0.54666
-0.37169,-0.38177,-0.48279,-0.40060,-0.24559,-0.45003,-0.44788,-0.48318,-0.20986,-0.35824,-0.21847,-0.16251,-0.23307,-0.19941,-0.30017,-0.35693,-0.27378,-0.46589,-0.27234,-0.32655
-9.86840,-10.14425,-9.84645,-10.22707,-10.30379,-10.27307,-9.73007,-9.69829,-9.51826,-8.80531,-8.94773,-8.41855,-8.24027,-8.00294,-7.85733,-7.98429,-8.73236,-8.64984,-9.05381,-9.08286
-3.74450,-3.24755,-3.27061,-3.32271,-3.15430,-3.58956,-3.56987,-3.07099,-3.19038,-2.87341,-2.77374,-1.95839,-2.25092,-2.84661,-2.90487,-2.93412,-2.16394,-1.77689,-1.65584,-1.80463
-1.00035,-1.00448,-0.88941,-0.96375,-1.11511,-1.01247,-1.61582,-2.25185,-2.16512,-1.80795,-1.53958,-2.22183,-2.58919,-2.61630,-2.27500,-1.90671,-1.77569,-1.95354,-1.88319,-1.98853
-0.10869,0.09726,0.07233,0.24662,-0.00588,-0.28502,0.24605,0.04005,0.19523,-0.20060,-0.29571,-0.10426,-0.39366,-0.24363,0.17467,-0.31604,-0.27241,-0.07639,0.43786,0.62483
-8.08292,-8.55011,-8.31202,-8.00210,-7.69552,-7.60467,-7.45818,-7.61387,-7.92678,-7.99801,-7.54685,-7.99531,-7.96991,-8.32316,-8.22686,-7.85838,-7.87379,-7.67472,-7.50862,-6.92158
-0.66410,-0.38585,-0.49282,-0.52375,-0.76071,-0.89570,-0.98837,-0.79941,-0.89320,-0.94584,-0.90684,-0.89596,-0.62643,-0.52144,-0.70706,-1.03426,-1.03726,-1.09434,-1.04316,-1.40476
2.53718,2.52352,2.86232,2.89259,2.90150,2.56693,2.74753,2.71239,2.64675,2.79280,2.87930,2.69315,2.68881,3.03041,3.19225,2.96716,2.86660,2.86240,2.89631,2.34491
2.96031,2.65186,2.40327,2.32159,2.09854,1.99071,2.25895,2.09443,1.64677,1.28647,1.67273,1.78980,1.41726,1.16443,1.38629,1.61744,1.51476,1.79269,1.71723,1.52135
1.64839,1.33323,1.30738,1.25946,0.93544,1.13634,0.93827,0.91328,0.66605,1.03443,0.93504,0.74968,0.91273,1.21958,0.98883,1.19423,0.93172,0.97099,0.64538,0.27750
0.77085,0.67710,0.64340,1.06112,1.17796,1.47248,1.76442,1.39834,1.38266,1.58530,1.50177,1.45045,1.33642,1.79200,1.95609,2.27599,2.17729,2.04403,1.81251,1.67537
4.18891,4.29818,4.16335,4.33898,4.06497,3.70986,3.63029,3.17135,3.12674,3.27245,3.58093,3.56510,3.60396,3.80930,3.85811,3.63676,3.81307,3.83042,4.10144,4.30448
5.16289,4.80973,4.55445,4.35129,4.44052,4.84043,4.85166,4.85926,4.83322,4.44196,4.26474,4.11371,4.15197,4.26434,3.67090,3.69677,3.87893,3.47775,3.32337,2.73340
-10.50714,-10.19133,-10.25381,-9.88604,-10.23651,-10.21911,-10.07124,-10.08767,-9.79577,-10.08359,-10.20918,-10.18925,-10.44571,-10.70373,-10.39280,-10.62955,-10.61781,-11.14065,-10.75798,-11.51470
5.28592,4.33899,4.32446,4.21894,4.49980,4.81511,4.45074,3.81872,3.35913,3.58847,3.56265,3.30947,3.28796,3.57007,3.34921,3.30693,3.60832,3.94943,4.06301,3.41529
2.71068,2.81006,2.65299,2.64010,2.68434,2.62700,2.77992,2.54201,2.18736,2.44192,2.23695,2.45901,2.13251,2.71940,2.90431,2.46026,2.20529,2.38647,3.07466,3.23390
3.31565,3.58979,3.73268,3.59418,3.71674,3.51444,3.51329,3.26386,3.24267,3.39119,3.66850,3.80834,3.78832,3.40636,3.27083,3.47389,3.80312,4.05664,4.24989,4.19850
