0.19708,0.19589,0.20167,0.20889,0.21310,0.21380,0.21182,0.20549,0.19652,0.19322,0.18550,0.17400,0.17400,0.18058,0.17897,0.17897,0.17897,0.18149,0.18149,0.19145
0.27801,0.28013,0.27914,0.28683,0.27275,0.28531,0.28778,0.29328,0.29584,0.29292,0.29301,0.28361,0.27741,0.28341,0.27597,0.28287,0.28022,0.27457,0.26759,0.27066
0.15153,0.15504,0.15765,0.15765,0.16265,0.16027,0.15869,0.15869,0.16130,0.16130,0.16755,0.16587,0.16427,0.16427,0.16165,0.16383,0.16450,0.16450,0.16450,0.16054
0.27121,0.27339,0.26904,0.26746,0.24875,0.25319,0.25531,0.24464,0.23591,0.23831,0.22730,0.21769,0.22659,0.22935,0.21702,0.21789,0.22043,0.21346,0.20914,0.19504
0.14212,0.14212,0.13992,0.14988,0.14424,0.14530,0.14465,0.14465,0.14465,0.14465,0.14582,0.14318,0.14420,0.14199,0.13853,0.13853,0.13361,0.13361,0.13063,0.12757
0.21826,0.21112,0.20851,0.20652,0.21300,0.21265,0.20800,0.19309,0.19234,0.18459,0.18647,0.18647,0.18498,0.18498,0.17581,0.17789,0.17763,0.17304,0.16646,0.16638
0.28678,0.28678,0.28108,0.29446,0.28186,0.28773,0.28562,0.27310,0.28396,0.28192,0.31522,0.34614,0.34303,0.32580,0.31448,0.32249,0.32071,0.32289,0.31840,0.30717
0.22872,0.22446,0.22229,0.24076,0.24287,0.23386,0.23751,0.23404,0.22761,0.23067,0.22842,0.22831,0.21928,0.21347,0.23029,0.22390,0.22547,0.22323,0.22323,0.22416
0.22610,0.22817,0.22786,0.21862,0.21755,0.21759,0.22973,0.21509,0.22529,0.24515,0.24354,0.23061,0.23061,0.23094,0.23094,0.21040,0.20892,0.20892,0.21179,0.20848
0.13906,0.13906,0.13906,0.13906,0.13906,0.13341,0.13595,0.13623,0.13001,0.13399,0.13399,0.13265,0.13748,0.13697,0.13036,0.13036,0.13036,0.13249,0.13421,0.13421
0.13454,0.13729,0.13729,0.13729,0.13729,0.13690,0.13690,0.13690,0.14105,0.13984,0.13984,0.14110,0.14355,0.13704,0.13704,0.13704,0.13704,0.13704,0.14083,0.14401
0.82971,0.83003,0.83003,0.83389,0.83099,0.82982,0.83712,0.83712,0.83891,0.83891,0.84132,0.83870,0.83639,0.83546,0.83571,0.83430,0.83430,0.84328,0.84639,0.83280
0.16671,0.16430,0.16411,0.15830,0.15830,0.16022,0.16022,0.15919,0.15949,0.16264,0.16494,0.15730,0.15482,0.15212,0.15222,0.15018,0.15403,0.15540,0.14580,0.14286
0.20863,0.20863,0.19055,0.19233,0.19233,0.19233,0.18732,0.18747,0.18622,0.18622,0.19067,0.19044,0.18757,0.19131,0.19316,0.19265,0.19265,0.18920,0.17648,0.17886
0.19526,0.19503,0.19644,0.19649,0.19649,0.19649,0.20348,0.19726,0.19757,0.20619,0.20957,0.20958,0.22720,0.23166,0.23328,0.22181,0.21665,0.20698,0.20698,0.20043
0.20425,0.21395,0.20924,0.19027,0.18755,0.18327,0.18327,0.17916,0.18232,0.18725,0.20776,0.20770,0.21971,0.22136,0.22136,0.22060,0.22083,0.22083,0.21796,0.21464
0.84684,0.84400,0.84614,0.84614,0.84614,0.84964,0.84769,0.85225,0.84360,0.84348,0.84348,0.84348,0.84304,0.84616,0.84624,0.84624,0.84585,0.84585,0.84744,0.84386
0.65567,0.64611,0.67629,0.67037,0.66648,0.67198,0.67198,0.69335,0.69734,0.69497,0.68960,0.67669,0.65726,0.67614,0.69103,0.66873,0.65888,0.65888,0.66046,0.65181
0.64752,0.64714,0.61339,0.58910,0.59581,0.57594,0.56442,0.54047,0.52956,0.52973,0.53388,0.49754,0.48941,0.47578,0.51032,0.55035,0.57775,0.58969,0.57557,0.55959
0.59827,0.63873,0.64274,0.64525,0.61233,0.61199,0.61237,0.64023,0.69419,0.68453,0.69233,0.68865,0.68865,0.66660,0.66518,0.67357,0.68565,0.70068,0.68918,0.68036
0.57343,0.57942,0.57097,0.55685,0.56569,0.53796,0.50940,0.50024,0.50884,0.52236,0.53362,0.55591,0.50162,0.47563,0.50156,0.50156,0.49944,0.52382,0.55072,0.54168
0.62705,0.60572,0.62913,0.60391,0.60650,0.61442,0.62683,0.61996,0.61563,0.60261,0.61019,0.60697,0.60368,0.60006,0.62071,0.62121,0.62121,0.61340,0.60757,0.58647
0.54307,0.55161,0.53688,0.50377,0.50625,0.51552,0.50111,0.48868,0.48533,0.46486,0.44886,0.46171,0.45922,0.44629,0.46845,0.45828,0.43818,0.45411,0.45495,0.44717
0.35115,0.36630,0.37233,0.39852,0.40740,0.41445,0.43595,0.44125,0.43034,0.38649,0.36752,0.37034,0.37074,0.38627,0.42419,0.44477,0.43070,0.43883,0.44356,0.45119
0.56887,0.54442,0.56069,0.54011,0.54252,0.54599,0.52721,0.50175,0.52097,0.50384,0.47942,0.48515,0.50948,0.51204,0.53361,0.54225,0.53068,0.53742,0.56189,0.54221
0.46617,0.46617,0.44906,0.44250,0.39499,0.39729,0.39681,0.42107,0.40612,0.38902,0.36813,0.38007,0.38852,0.37855,0.37941,0.38283,0.38022,0.37462,0.37331,0.38955
0.45412,0.44364,0.44828,0.47269,0.49020,0.46021,0.44381,0.44660,0.44770,0.44947,0.44451,0.44231,0.44384,0.44142,0.41308,0.40768,0.42798,0.47477,0.47434,0.47579
0.45247,0.48414,0.46521,0.49024,0.47255,0.45548,0.43379,0.44114,0.42247,0.40771,0.35904,0.36934,0.34721,0.34721,0.34369,0.31886,0.30251,0.28380,0.29967,0.29594
0.40238,0.37592,0.36617,0.37607,0.34107,0.33972,0.33972,0.32817,0.31794,0.34463,0.34103,0.33832,0.31965,0.32929,0.34412,0.35295,0.35315,0.33746,0.31943,0.31470
0.45765,0.45217,0.45039,0.45219,0.45508,0.46308,0.45153,0.45189,0.46672,0.44832,0.45401,0.46586,0.45974,0.48620,0.46835,0.49049,0.49195,0.48835,0.50844,0.52050
0.49686,0.49497,0.46613,0.46613,0.46613,0.48573,0.47523,0.46224,0.47022,0.46243,0.47184,0.45006,0.45683,0.49914,0.49903,0.49058,0.49489,0.46668,0.46848,0.45867
0.55399,0.56945,0.53314,0.56307,0.55302,0.54839,0.55731,0.55454,0.55267,0.57161,0.53302,0.55399,0.56305,0.58177,0.56652,0.56536,0.54943,0.55400,0.53770,0.56102
0.45122,0.45750,0.46857,0.45919,0.48841,0.49171,0.48497,0.46856,0.44136,0.46378,0.42714,0.44725,0.44695,0.44658,0.45746,0.47190,0.46776,0.46586,0.48037,0.45853
0.38216,0.39088,0.36992,0.36815,0.37078,0.39196,0.40860,0.42105,0.38748,0.36109,0.37370,0.35078,0.35314,0.37365,0.40258,0.37280,0.37839,0.39574,0.38040,0.38740
0.50176,0.50686,0.51959,0.50648,0.47916,0.46474,0.45757,0.44373,0.45077,0.46704,0.43971,0.45114,0.45343,0.45660,0.50021,0.48175,0.47562,0.45519,0.43557,0.44867
0.36162,0.34457,0.35772,0.34919,0.33046,0.32251,0.34798,0.34798,0.33933,0.34110,0.37328,0.38877,0.37357,0.34161,0.36826,0.39217,0.41274,0.41494,0.42915,0.42340
0.49519,0.48933,0.50873,0.51311,0.50522,0.55796,0.55950,0.54101,0.53904,0.49738,0.49738,0.50564,0.50176,0.50321,0.46690,0.53189,0.53436,0.54342,0.54532,0.56920
0.29300,0.30682,0.31607,0.31289,0.32999,0.33827,0.33561,0.30891,0.29404,0.31397,0.31146,0.34755,0.34755,0.34839,0.32679,0.31038,0.33202,0.33953,0.34616,0.34080
0.41037,0.44019,0.44517,0.43377,0.45930,0.47778,0.45417,0.44447,0.45153,0.45153,0.45175,0.46594,0.46550,0.43776,0.42408,0.42468,0.42953,0.42644,0.41269,0.43277
0.40155,0.40607,0.39497,0.35904,0.39661,0.36537,0.34941,0.32926,0.31779,0.30900,0.28671,0.28919,0.29136,0.32734,0.33205,0.32994,0.36297,0.37834,0.36527,0.36988
0.47269,0.43058,0.42498,0.42406,0.43260,0.40223,0.40876,0.41848,0.44650,0.43163,0.42929,0.42277,0.43352,0.41394,0.43387,0.41848,0.41147,0.42859,0.40813,0.41384
0.41711,0.39479,0.38906,0.39096,0.41535,0.41956,0.41970,0.42646,0.42328,0.43685,0.41523,0.40566,0.42363,0.39330,0.37075,0.36390,0.35632,0.35580,0.34246,0.35153
0.44029,0.45636,0.45746,0.45733,0.46717,0.45512,0.47638,0.48635,0.48665,0.46296,0.42732,0.42773,0.43960,0.47613,0.50296,0.47981,0.49863,0.45222,0.45520,0.46241
0.31729,0.32984,0.32333,0.32329,0.32197,0.36061,0.38779,0.36070,0.33979,0.34557,0.37144,0.36787,0.34888,0.34685,0.34808,0.32394,0.35798,0.36959,0.35883,0.35862
0.44590,0.42989,0.45622,0.44862,0.43653,0.42963,0.43732,0.44230,0.44812,0.45495,0.46860,0.45836,0.42082,0.41055,0.42214,0.42006,0.39563,0.36540,0.36376,0.36675
0.32493,0.31584,0.33137,0.32852,0.32856,0.31990,0.31359,0.31493,0.32903,0.31471,0.32401,0.29904,0.31370,0.32892,0.32798,0.32850,0.33922,0.34189,0.31908,0.28783
0.39961,0.41845,0.42209,0.41544,0.41283,0.42125,0.40638,0.40955,0.43397,0.43784,0.45366,0.44412,0.46158,0.42488,0.45448,0.46055,0.46685,0.46741,0.46144,0.47710
0.39135,0.39200,0.39777,0.39777,0.36498,0.31180,0.32407,0.31419,0.32885,0.33680,0.35266,0.35981,0.34321,0.33024,0.33230,0.33230,0.32340,0.32806,0.34609,0.36656
0.48620,0.49595,0.49190,0.48390,0.49143,0.48703,0.51076,0.53520,0.50676,0.51459,0.48606,0.49658,0.46157,0.45573,0.43950,0.46956,0.48384,0.48228,0.44423,0.45452
0.47021,0.46990,0.47006,0.46703,0.44823,0.42717,0.41021,0.39795,0.38741,0.38815,0.39131,0.39465,0.38687,0.37642,0.36833,0.37194,0.36607,0.36807,0.37008,0.34327
0.25306,0.25620,0.26649,0.27281,0.28000,0.27768,0.28177,0.27966,0.28121,0.28653,0.29864,0.29628,0.29628,0.29208,0.30371,0.31479,0.31479,0.32590,0.32543,0.35449
0.41001,0.40042,0.36697,0.37586,0.36626,0.40205,0.41982,0.43292,0.44153,0.44883,0.46094,0.46509,0.47204,0.44351,0.43727,0.47262,0.47217,0.46221,0.45546,0.46675
0.37543,0.37543,0.36914,0.37618,0.37401,0.37226,0.37297,0.40528,0.40622,0.38409,0.40551,0.39140,0.41270,0.39060,0.41327,0.42337,0.42087,0.38499,0.40918,0.39138
0.41248,0.38385,0.37435,0.37258,0.38570,0.39417,0.37743,0.36567,0.35163,0.38366,0.38885,0.38613,0.37360,0.36163,0.35890,0.37096,0.36606,0.39082,0.38591,0.42883
0.42501,0.40283,0.41596,0.42947,0.42736,0.41601,0.39461,0.40278,0.39384,0.37969,0.34581,0.35179,0.35422,0.35243,0.38209,0.37462,0.37913,0.38039,0.41803,0.41989
0.55936,0.54785,0.54785,0.54953,0.57979,0.57349,0.56664,0.57697,0.53815,0.53086,0.51588,0.52556,0.55598,0.54951,0.55686,0.55158,0.55826,0.57479,0.58228,0.56380
0.49217,0.47529,0.46310,0.46310,0.49396,0.47299,0.46600,0.48051,0.46960,0.46717,0.44695,0.43926,0.43934,0.42912,0.38711,0.39355,0.37141,0.40226,0.44899,0.45859
0.36212,0.37558,0.37630,0.37630,0.39370,0.42864,0.37958,0.39474,0.38815,0.37212,0.38082,0.40340,0.37974,0.38181,0.38181,0.36904,0.38623,0.39205,0.38089,0.34762
0.35090,0.36696,0.36656,0.39592,0.37523,0.40320,0.38936,0.40551,0.43635,0.38622,0.37383,0.37061,0.40208,0.45036,0.41541,0.41436,0.38894,0.40004,0.39512,0.41816
0.38487,0.38891,0.41665,0.40515,0.38419,0.39598,0.41336,0.40834,0.39102,0.40347,0.35143,0.32717,0.36804,0.37616,0.41442,0.40619,0.41418,0.39480,0.38951,0.36696
0.30282,0.30172,0.29988,0.30662,0.30871,0.34338,0.32602,0.32291,0.32403,0.32009,0.30702,0.33321,0.32750,0.32512,0.31844,0.31346,0.29353,0.29748,0.30931,0.31852
0.60302,0.59660,0.58720,0.58720,0.59395,0.59136,0.57115,0.56315,0.55176,0.56174,0.57180,0.55969,0.58915,0.57291,0.54980,0.55702,0.51457,0.47751,0.46311,0.44870
0.45994,0.44499,0.44128,0.44046,0.49383,0.48473,0.48392,0.49166,0.53409,0.52302,0.51501,0.50992,0.53011,0.54065,0.55122,0.54571,0.52356,0.51665,0.52292,0.52668
0.48943,0.53977,0.51350,0.48254,0.49025,0.49783,0.49490,0.47790,0.46144,0.43651,0.44286,0.44366,0.44509,0.44951,0.44129,0.41488,0.42807,0.49313,0.49970,0.49759
0.49411,0.49944,0.50956,0.49877,0.50935,0.54531,0.53078,0.52947,0.52687,0.49482,0.49482,0.49441,0.49371,0.49518,0.49217,0.47808,0.49613,0.52100,0.51674,0.50813
0.56714,0.56714,0.57671,0.57657,0.58314,0.57909,0.55824,0.53320,0.57047,0.58793,0.59182,0.58466,0.58702,0.56058,0.57089,0.57687,0.58672,0.57279,0.56943,0.53155
0.46052,0.44116,0.43137,0.44631,0.43952,0.43685,0.44547,0.49617,0.47476,0.48146,0.46511,0.48235,0.50745,0.50170,0.53975,0.50590,0.50497,0.52523,0.54832,0.50185
0.42934,0.45943,0.44850,0.47508,0.47022,0.45526,0.49290,0.50846,0.47917,0.49274,0.53071,0.51548,0.53920,0.51531,0.50125,0.50043,0.50437,0.52767,0.51625,0.48242
0.28494,0.28494,0.29704,0.30357,0.28157,0.27933,0.27634,0.29639,0.30774,0.27835,0.28728,0.28917,0.29636,0.31563,0.32010,0.30550,0.29986,0.29042,0.29042,0.29988
0.88219,0.88219,0.87946,0.87711,0.87711,0.87527,0.87527,0.87527,0.87573,0.87283,0.87283,0.87059,0.86411,0.86731,0.86124,0.86124,0.86237,0.86124,0.86343,0.86343
0.63872,0.63258,0.63273,0.62010,0.62976,0.61603,0.63925,0.64469,0.64308,0.63419,0.63927,0.66198,0.66537,0.65090,0.65448,0.64548,0.65726,0.63766,0.62821,0.64526
0.80599,0.80878,0.80891,0.81144,0.81144,0.80587,0.80178,0.80594,0.79690,0.79861,0.79187,0.79775,0.79775,0.80348,0.80221,0.80791,0.81141,0.80904,0.80872,0.81323
0.84394,0.84703,0.84703,0.84635,0.84704,0.84997,0.85024,0.85063,0.85215,0.85786,0.85650,0.85870,0.85748,0.85657,0.85730,0.85730,0.86310,0.86592,0.86592,0.86813
0.73625,0.73413,0.72252,0.72353,0.72361,0.73238,0.72575,0.72720,0.73228,0.72365,0.72365,0.72050,0.73045,0.71195,0.73080,0.73080,0.72713,0.73897,0.74443,0.74741
0.81638,0.81838,0.81315,0.80576,0.80576,0.81089,0.81752,0.81786,0.81786,0.81333,0.80966,0.80648,0.80356,0.81379,0.81019,0.80425,0.80698,0.80505,0.81064,0.81128
0.80947,0.80563,0.80361,0.80396,0.80396,0.80945,0.80945,0.81601,0.81773,0.82284,0.82284,0.82243,0.81942,0.80670,0.80691,0.80691,0.80888,0.80919,0.80513,0.80680
0.84167,0.84167,0.83810,0.83810,0.83678,0.82705,0.82322,0.82382,0.82511,0.82817,0.82634,0.82370,0.82370,0.81571,0.81571,0.80763,0.81720,0.82495,0.82596,0.81562
0.84987,0.84987,0.85180,0.85335,0.85040,0.84935,0.85578,0.85720,0.85720,0.85855,0.86235,0.86235,0.85711,0.85711,0.85528,0.85694,0.85698,0.85360,0.85605,0.85696
0.80596,0.81412,0.81778,0.81778,0.82173,0.82173,0.82292,0.81847,0.81847,0.82391,0.82391,0.82829,0.82811,0.82479,0.82479,0.82411,0.82356,0.82356,0.82356,0.82327
0.75842,0.76536,0.76359,0.76320,0.75498,0.75559,0.76277,0.75479,0.75101,0.75367,0.76767,0.76079,0.76079,0.76079,0.75879,0.74985,0.76244,0.76389,0.76389,0.75514
0.80335,0.79103,0.79103,0.79209,0.78504,0.79401,0.79401,0.78813,0.79541,0.79541,0.79541,0.79722,0.79722,0.79390,0.79390,0.79570,0.80136,0.79153,0.79050,0.79273
0.76706,0.77666,0.76714,0.76122,0.76706,0.75556,0.75711,0.75503,0.76396,0.76852,0.76852,0.76853,0.76853,0.76622,0.76710,0.76792,0.77774,0.77082,0.76986,0.76969
0.52761,0.54311,0.51514,0.51339,0.51339,0.51760,0.56543,0.59229,0.57366,0.58032,0.57143,0.57747,0.57488,0.54843,0.54839,0.55507,0.56991,0.57446,0.58373,0.58985
0.58921,0.59287,0.60765,0.67774,0.68238,0.70006,0.70565,0.70750,0.70595,0.70537,0.71681,0.72709,0.71295,0.71295,0.70961,0.71365,0.69433,0.65418,0.64628,0.65931
0.55448,0.55090,0.55090,0.56682,0.54762,0.53960,0.56841,0.57113,0.55309,0.53411,0.51331,0.50869,0.52006,0.56411,0.54230,0.56765,0.56974,0.53416,0.57840,0.58481
0.69578,0.69578,0.71255,0.71908,0.71062,0.70435,0.70164,0.67685,0.68247,0.68625,0.68834,0.69327,0.68300,0.66998,0.66950,0.67701,0.66690,0.66586,0.66250,0.65807
0.70426,0.69166,0.70980,0.70867,0.70942,0.72324,0.72539,0.70170,0.70564,0.69926,0.71072,0.71005,0.70927,0.68188,0.68289,0.69448,0.69246,0.69644,0.67827,0.66410
0.69908,0.71225,0.69740,0.71081,0.70729,0.71078,0.70362,0.69690,0.68664,0.70146,0.71108,0.71733,0.71850,0.71850,0.71592,0.71488,0.72274,0.72640,0.71835,0.71498
0.76952,0.77477,0.78260,0.78260,0.78260,0.77688,0.77911,0.77931,0.77198,0.76876,0.76876,0.77500,0.77257,0.78035,0.77770,0.78851,0.78911,0.79297,0.79363,0.80206
0.60247,0.59603,0.64880,0.65881,0.66218,0.64453,0.65381,0.64445,0.63153,0.62542,0.61323,0.61014,0.61772,0.61189,0.61765,0.62812,0.61781,0.63642,0.62107,0.62351
0.76800,0.77525,0.77828,0.77754,0.77643,0.77675,0.76579,0.75446,0.75446,0.75461,0.76113,0.75523,0.73448,0.72956,0.73146,0.74498,0.73280,0.73280,0.73592,0.73257
0.70367,0.69708,0.69693,0.70605,0.72484,0.72484,0.72484,0.73565,0.74042,0.74161,0.73642,0.74965,0.73890,0.73778,0.71393,0.71393,0.72331,0.72449,0.72283,0.72875
0.73022,0.72563,0.71546,0.71255,0.70884,0.69679,0.67426,0.67796,0.67841,0.65036,0.62305,0.62550,0.65183,0.65465,0.68463,0.67504,0.65937,0.65515,0.65651,0.65867
0.78580,0.78577,0.78647,0.78647,0.78892,0.79340,0.80099,0.79314,0.79314,0.79314,0.80916,0.80540,0.79957,0.79862,0.81018,0.81409,0.81585,0.81300,0.81390,0.81390
0.73803,0.73997,0.73724,0.74233,0.74852,0.75520,0.75939,0.74278,0.74615,0.75121,0.75121,0.76055,0.76055,0.76065,0.76290,0.75579,0.74824,0.75523,0.73785,0.73785
0.79676,0.80327,0.79584,0.79892,0.79492,0.79868,0.79784,0.80362,0.78952,0.78604,0.79516,0.80290,0.80573,0.80616,0.80767,0.80767,0.81359,0.81359,0.81359,0.81533
0.60682,0.59963,0.63659,0.62419,0.62119,0.61856,0.63128,0.63128,0.62340,0.60877,0.61891,0.61498,0.61815,0.60802,0.59839,0.63578,0.67903,0.67296,0.68824,0.68145
0.62478,0.63267,0.64017,0.64972,0.66456,0.68786,0.68530,0.68738,0.70026,0.70917,0.70929,0.71026,0.72114,0.72114,0.71918,0.72337,0.71747,0.71473,0.71465,0.73723
0.62195,0.62590,0.61607,0.60317,0.58146,0.60013,0.60791,0.60791,0.61842,0.62542,0.60584,0.60303,0.60677,0.60726,0.58093,0.57377,0.56870,0.55844,0.54953,0.51005
0.81321,0.81333,0.81333,0.81416,0.82004,0.82791,0.83443,0.83443,0.83443,0.83400,0.82002,0.81573,0.82397,0.82397,0.82397,0.82978,0.82978,0.82857,0.83008,0.82826
0.87947,0.87593,0.87878,0.87826,0.87826,0.87704,0.87780,0.87587,0.87528,0.88000,0.88000,0.87572,0.87193,0.86541,0.86541,0.86185,0.86113,0.85795,0.86326,0.86668
0.88490,0.88490,0.88490,0.88490,0.88076,0.88076,0.88256,0.88287,0.88547,0.88547,0.88974,0.88974,0.88974,0.89004,0.88806,0.88806,0.88806,0.88909,0.88909,0.88909
0.80613,0.80613,0.80587,0.80321,0.82042,0.82042,0.82154,0.82098,0.81741,0.81452,0.82262,0.82785,0.82877,0.83004,0.83004,0.82453,0.83263,0.83263,0.83049,0.83306
0.75674,0.74034,0.74312,0.74089,0.75683,0.75091,0.75312,0.74895,0.74795,0.75555,0.75555,0.75555,0.74687,0.74436,0.74030,0.75526,0.76177,0.76146,0.75350,0.75213
0.69239,0.70134,0.69683,0.69243,0.69735,0.69895,0.69895,0.69076,0.68970,0.68389,0.69175,0.69591,0.70981,0.71936,0.72921,0.72317,0.72464,0.73109,0.74238,0.74615
0.84648,0.83926,0.84145,0.84145,0.84145,0.84369,0.84064,0.84089,0.84089,0.83533,0.83570,0.83178,0.82601,0.83179,0.83504,0.82846,0.82070,0.82528,0.81947,0.81852
