-0.16600,-0.19351,-0.14381,0.26790,0.54087,0.09300,0.09441,0.28205,0.10535,0.02269,-0.22869,0.18064,0.42677,0.34439,0.32879,0.28853,0.25719,0.20393,0.75871,0.65562
-0.93344,-0.75783,-0.64800,-0.48140,-0.52242,-0.23220,-0.41851,-0.37454,0.01757,-0.18604,-0.09856,0.13541,0.26214,0.09244,0.14741,0.67113,0.52567,0.71128,0.64928,0.71625
-0.34207,-0.26159,-0.50391,-0.24536,-0.34991,0.15826,0.24195,0.41736,0.28398,0.54299,0.68726,0.13492,0.26633,0.48371,0.70426,1.00376,1.17736,1.17989,0.87930,0.49929
0.15405,-0.12596,-0.54606,-0.63279,-0.38571,0.03316,0.20409,0.47623,0.50619,1.00337,0.07401,-0.21858,-0.13848,0.08869,0.22334,-0.03876,-0.27380,-0.17308,0.00044,0.08968
0.13339,0.22247,0.22827,-0.02914,-0.01603,-0.03686,-0.01392,-0.20264,-0.15188,-0.02741,-0.10692,0.18926,0.54678,0.45851,-0.14416,-0.40155,-0.46013,-0.80948,-0.72264,-0.65220
0.28295,0.47197,0.12044,0.23938,0.41666,0.95858,1.35587,1.57828,1.48403,1.43369,1.13629,1.21348,1.06094,0.47064,0.29650,0.40608,0.65600,1.12694,0.82688,0.79581
-1.36844,-1.49539,-1.50165,-1.52544,-1.23801,-1.06798,-0.66517,-0.42486,-0.48006,-0.22472,0.07305,-0.36015,0.02669,-0.06556,-0.01319,0.00610,0.04207,0.34919,-0.32013,0.08843
0.86080,1.09337,1.37716,1.53363,1.49515,1.43157,1.36626,0.97111,1.22797,0.93992,0.82190,0.55596,0.39364,0.57393,0.71032,0.69299,0.35099,0.55386,0.64451,0.46393
1.87515,1.81395,2.48250,2.29121,2.55655,1.75471,1.92636,2.14168,1.58089,1.78363,1.75528,1.89119,2.25407,2.55368,3.24842,3.38524,3.16195,2.76838,2.58915,2.04519
2.57876,2.48194,2.58469,2.42324,2.30772,2.71910,2.25001,2.49189,2.32424,1.92657,1.54445,1.82166,1.98120,1.84009,1.82853,1.53279,1.47245,1.85524,1.75500,1.72397
0.34176,0.55691,0.64718,0.35329,0.58707,0.53621,0.39125,0.56936,0.46815,0.00443,0.08118,0.21972,0.27283,0.50249,0.38271,0.17919,0.17428,0.35360,0.35619,0.46788
-0.21882,0.02943,0.06179,-0.17817,0.38068,0.20046,-0.07795,-0.14114,-0.30280,-0.30021,-0.22371,-0.35991,-0.23586,-0.05648,-0.30986,-0.38431,-0.41504,-0.46464,-0.80157,-0.36896
-0.13730,-0.21555,-0.00358,0.20565,-0.09446,0.03556,0.04279,0.01048,0.43073,1.04654,1.02774,0.86414,0.69481,0.39632,0.18839,-0.26638,-0.68229,-0.34837,-0.11218,-0.50773
-0.26137,-0.01117,0.13108,-0.17717,-0.36845,-0.34634,-0.42607,-0.56341,-0.55780,-0.26757,-0.19869,-0.43475,-0.99927,-1.28762,-1.30057,-0.83591,-0.38082,-0.21363,-0.14434,0.39068
0.04122,-0.35302,-0.28913,-0.27421,-0.02367,-0.39652,-0.34757,0.20991,-0.09003,-0.38181,-0.30606,-0.38307,-0.55226,-0.40535,-0.56777,-0.19344,0.29743,1.19359,1.48748,0.80846
0.39418,0.16243,0.03062,0.21095,0.09387,-0.08695,0.24858,0.17193,0.28238,0.40290,0.42827,0.59171,0.38844,0.18465,0.32896,0.20368,0.33355,0.45501,0.46766,0.24433
0.50882,-0.03050,-0.44694,-0.21647,0.20878,0.44600,0.25083,0.40318,-0.08274,-0.43760,-0.24218,-0.69212,-0.28196,-0.40387,-0.78818,-0.88724,-0.87168,-0.67362,-0.93832,-0.92921
0.59133,0.56737,0.49334,0.60798,0.64192,0.80655,1.37925,1.00033,0.91247,0.43919,0.85844,0.28112,0.17629,0.17362,0.17688,0.24912,0.07745,-0.32935,-0.37869,-0.20845
0.59007,0.17959,0.09275,-0.38836,-0.41308,-0.67968,-0.47517,0.04774,0.07587,-0.01144,-0.04566,-0.17358,-0.26233,-0.41882,-0.47518,-0.56709,-0.49538,-0.27003,0.39247,0.57841
-0.18451,0.03528,0.36889,0.34595,0.02054,0.11285,0.19740,-0.30188,-0.72018,-0.58645,-0.74327,-0.81519,-0.73601,-0.60316,-0.73509,-0.35776,-0.13748,-0.07840,-0.04312,0.14242
0.13027,0.47628,-0.12384,0.13602,0.03554,-0.39255,-0.33149,-0.26926,-0.29802,-0.80130,-1.26614,-1.43491,-1.32821,-1.20362,-1.78343,-1.10434,-0.59413,-0.64484,-0.41064,-0.37817
-0.67855,-0.70505,-0.84859,-0.55847,-0.66943,-0.57910,-0.02835,0.39288,0.47362,0.41381,0.54303,0.62738,0.05641,-0.50288,-0.48487,-0.72378,-0.66965,-0.82565,-0.88119,-0.89382
-0.52854,-0.43914,-0.06800,-0.01585,0.26696,-0.04982,-0.21849,-0.48488,-0.36061,0.01003,0.00728,-0.28847,-0.35979,-0.07830,0.00308,0.38113,0.36553,0.33256,0.63363,0.14436
-0.86839,-0.27538,0.06336,0.05025,-0.04842,-0.42801,-0.39714,-0.39420,-0.04619,0.02680,-0.03828,-0.17819,0.24732,-0.14933,-0.46317,-0.68698,-0.89949,-0.92747,-0.72152,-0.63988
0.47581,0.64215,0.51293,0.73244,0.81064,0.94718,0.99854,1.02422,0.97466,0.96058,0.73674,1.05952,0.98286,0.95882,0.63462,0.53507,0.26826,0.38784,0.24731,0.06850
-0.12413,0.19597,0.34176,0.31196,-0.11314,-0.39506,-0.40663,-0.43428,-0.15443,0.43743,0.97114,0.76547,0.48316,0.33909,-0.03212,0.05320,0.17721,0.37147,0.31740,0.53979
0.42487,0.27232,-0.35194,-0.07769,-0.10416,0.24925,0.37031,0.17580,-0.14431,-0.36736,-0.54658,-0.46606,-0.31249,-0.23326,-0.39449,-0.72526,-1.02816,-0.83446,-0.55976,-0.81161
0.01789,-0.23798,0.19285,0.30653,-0.13145,0.00861,-0.07138,-0.13735,0.00729,0.19566,0.44641,0.01210,0.29207,0.40473,0.50651,0.57895,0.54546,0.73468,0.57624,0.30410
0.77590,0.39734,0.19313,-0.11265,0.25684,0.49582,1.16303,1.14009,1.34359,1.17715,0.47471,0.39777,0.47927,0.41433,0.08507,-0.17085,-0.25271,-0.36009,-0.23292,0.11361
-0.07124,0.19676,0.13115,-0.22372,-0.49797,-0.35743,-0.40978,-0.14937,-0.04153,-0.28929,-0.25141,-0.11731,0.19073,0.19504,0.24398,0.37036,0.12349,0.64978,0.53668,0.61106
-0.12192,-0.21442,-0.13657,-0.13105,-0.01928,0.14504,0.23243,0.12200,0.42384,0.79782,0.73745,0.81525,0.68607,1.10951,0.96930,0.83528,0.65880,0.30002,0.61015,0.38696
-0.10274,-0.60895,-0.45028,-0.49630,-0.34847,-0.12812,0.65133,0.37447,0.28161,0.39288,0.45249,0.51230,-0.14365,0.12413,0.21125,0.66640,1.03586,0.55955,0.99231,0.85054
-0.73452,-0.80410,-0.81418,-0.93606,-0.49044,0.20288,-0.17532,0.51627,0.70454,0.99126,0.97508,0.36844,0.52215,0.62715,0.89290,0.62905,0.76123,0.89615,1.24587,1.09522
-0.02278,-0.29215,-0.21204,-0.21168,-0.48189,-0.55370,-0.65412,-0.45593,-0.56531,-0.35188,0.14145,-0.04186,-0.00452,0.06095,0.02278,0.27444,0.62354,0.60136,0.53500,0.22591
-0.21808,0.00576,-0.11151,-0.40893,-0.18422,-0.16012,0.10892,0.29185,0.33696,-0.21105,-0.68310,-0.02371,0.15960,-0.00924,-0.75342,-0.79964,-0.36357,-0.25030,-0.20317,-0.13151
0.64117,0.93868,0.68831,0.67781,0.81916,0.78971,0.51390,0.14472,0.50125,0.50478,1.00895,0.87481,1.01673,0.58306,-0.15533,-0.19160,-0.07775,-0.11345,-0.47735,-0.63983
-1.54007,-0.67261,-0.43779,-0.35911,0.29633,0.19207,0.35112,-0.09645,-0.07414,0.06730,0.10762,0.54227,0.80274,0.88669,1.20610,1.09180,0.46673,0.49929,0.74434,0.38224
-0.43193,0.17370,-0.22613,-0.25211,0.03074,-0.56405,-0.49373,-0.62137,-0.19643,-0.00707,0.07276,0.46391,0.36622,0.45131,0.29178,0.03435,0.39440,0.47626,-0.08915,-0.18291
-0.34457,-0.02231,-0.10636,0.11658,-0.18008,-0.29481,0.44358,0.71693,0.82164,0.71678,0.98006,0.97637,1.12386,0.88452,1.36841,0.88808,0.69825,0.15930,0.24028,-0.17899
0.39675,0.43737,0.34131,0.71585,0.78530,0.55377,0.59661,0.35877,-0.18520,0.35776,0.28049,0.26504,-0.17894,-0.15563,0.38016,-0.11064,-0.05880,-0.13004,-0.37985,-0.58876
-0.14189,0.27181,0.20798,0.08777,-0.08121,-0.51035,-0.20330,-0.12652,0.21655,0.15670,0.06582,-0.60685,-1.05205,-1.04999,-1.02285,-1.10369,-0.59863,-0.49579,-0.53144,-0.88296
0.05137,-0.03323,-0.69598,-1.03122,-0.89049,-0.72294,-0.85048,-0.68299,-0.81002,-0.42400,-0.65701,-0.74637,-0.94195,-0.94930,-0.42831,0.03602,-0.58859,-1.34353,-1.55787,-1.46274
1.54762,1.69314,1.10200,1.18768,0.84398,0.97063,0.47589,0.65029,0.61944,0.45397,0.78655,0.68269,0.66811,0.42658,0.22440,0.13240,0.37864,0.88599,0.91185,0.98679
-0.66634,-0.34493,-0.59345,-0.75374,-0.50108,-1.12652,-1.39192,-1.42668,-1.92808,-1.44141,-1.10118,-1.07509,-0.91598,-0.61030,-0.31508,-0.14715,0.38973,0.56971,0.34612,-0.10962
-0.93714,-0.10848,0.09308,-0.07243,0.56441,0.85366,0.73889,0.90238,1.06151,1.55557,1.32802,0.76854,0.90803,0.73241,1.12096,1.20313,1.10172,1.19771,1.41379,0.91371
-0.70119,-0.75413,-0.46991,-0.38192,-0.60225,-0.84351,-0.63701,-0.88730,-0.89718,-0.98647,-0.69528,-0.97019,-1.13076,-0.36771,-0.37951,-0.53765,-1.11578,-1.27407,-0.89050,-1.04173
0.26954,0.10345,-0.34971,0.12224,0.21870,-0.13246,0.22466,0.48158,0.61513,0.13504,-0.22415,-0.35394,-0.06730,-0.06704,-0.12356,0.21127,0.66634,0.43953,0.28484,0.25797
-0.17646,-0.06095,-0.09354,-0.10977,-0.08763,-0.10515,-0.13595,-0.80109,-0.35683,-0.08152,-0.25398,-0.13426,-0.50052,-0.31672,-0.56383,-0.57147,-0.28632,-0.27238,-0.12351,0.10730
-0.29946,-0.40824,-0.27883,-0.30269,-0.14170,-0.28157,-0.71094,-0.34530,-0.22576,-0.44604,-0.36072,-0.10648,-0.23685,-0.40985,-0.40744,-0.41492,0.11781,0.36264,0.12581,0.08246
0.34654,-0.08697,-0.21790,0.06867,-0.15276,0.04566,0.40362,0.36871,0.23492,0.17168,0.26562,0.01315,0.20823,0.14599,-0.12153,-0.42705,-0.72629,-0.68834,-0.75305,-0.78269
-0.22602,0.13330,-0.16716,-0.13328,-0.67930,-0.13493,0.07152,0.00737,0.11899,0.05355,0.18456,0.04321,-0.20011,-0.00187,-0.08376,-0.21293,-0.32407,-0.91679,-1.28537,-1.23715
1.12428,0.94103,0.60934,0.58560,0.50644,0.29989,-0.04112,-0.29532,0.11872,0.56000,0.36896,0.02673,-0.23086,0.16162,0.07966,-0.17544,-0.22357,-0.19031,-0.12290,-0.26849
-0.22436,-0.26230,-0.10377,0.46249,0.78539,0.99213,0.64395,0.51110,0.20901,0.34254,0.50506,0.49369,0.61725,0.17253,-0.24284,-0.00653,-0.00528,0.35332,0.67727,0.57016
0.45571,0.84200,0.80035,0.53631,0.50688,0.34540,0.60120,0.06643,0.03933,0.15037,0.33937,0.16730,0.01919,0.12869,0.26917,0.44712,0.19423,0.37591,0.01115,-0.23352
0.51597,0.74685,0.54384,0.22455,-0.07090,-0.03808,-0.02559,0.31897,0.45175,0.41925,0.15404,0.02281,-0.21092,-0.21130,-0.24587,0.16395,0.45709,0.70536,0.35575,0.85642
0.71047,0.69041,1.03349,1.34921,0.99740,0.88217,0.50035,0.88854,1.03512,1.08640,0.72175,0.38239,0.27743,-0.00367,0.24494,0.64812,0.46904,0.84100,1.41492,1.46449
0.04919,0.34108,-0.13542,-0.09298,-0.07798,0.82310,0.45719,0.07081,0.45114,0.59913,0.21837,-0.07695,-0.19644,0.02498,0.18288,0.12863,0.12349,0.25184,0.03789,0.45754
0.25196,0.35944,0.14311,0.18767,0.05873,0.02040,0.08396,-0.03002,0.07931,-0.22045,-0.15954,-0.24797,-0.37756,-0.16344,-0.12171,-0.17910,-0.27348,-0.12650,-0.29253,-0.79333
0.69773,0.61852,0.38073,0.51812,0.64988,0.60143,0.54822,0.36048,0.16962,-0.08516,-0.08343,0.12062,-0.06184,-0.13546,-0.41830,-0.44435,-0.15489,0.41105,0.60197,0.37888
-0.40595,-0.06415,0.29285,0.15253,0.29620,-0.07257,-0.31460,0.27620,0.24930,0.02419,0.29816,0.31150,0.02233,-0.13233,-0.46185,-0.80960,-0.44357,-0.02279,0.27638,0.15721
0.67907,0.57459,0.73364,0.46688,0.81779,1.32933,1.20116,1.30360,1.67389,1.46581,1.10267,1.49123,1.43081,0.90592,0.86783,0.94695,0.93758,0.56678,0.78289,1.02902
-0.66161,-0.78618,-0.61882,-0.20037,0.02081,0.08293,0.29088,0.78833,0.53621,0.38397,0.22389,0.06026,0.09452,0.11324,0.17346,-0.04464,-0.44441,-0.32394,-0.74132,-0.29372
0.20148,0.02184,0.55331,1.21720,0.78263,1.25115,1.00911,0.94001,0.66258,0.16238,0.18491,0.18568,-0.09722,0.05411,0.63792,0.40948,0.05010,0.13362,-0.80451,-0.82328
0.07631,0.97434,0.59187,1.01827,0.79271,1.27016,0.62522,0.52750,0.58627,0.56956,0.08008,0.14867,0.60344,0.93446,0.84763,0.61389,0.56588,0.74383,0.30872,0.27774
-0.11107,-0.47312,-0.65897,-0.71412,-0.69588,-0.65939,-0.47664,-0.52192,0.11448,0.02217,-0.17938,-0.16169,-0.40898,-0.21898,-0.72495,-1.33661,-1.41708,-0.83130,-0.55827,-0.81582
1.06496,1.31696,0.91528,0.79098,1.16460,0.80213,0.53484,0.31052,1.13757,1.41727,0.86117,0.54895,0.71517,0.32499,0.90769,0.73766,0.34213,-0.05577,0.05293,0.23475
1.47012,1.54448,1.08481,1.09820,1.28744,1.07477,0.55067,0.09586,0.38575,0.31965,0.44241,0.65037,0.22616,0.51578,1.15305,1.04366,0.93747,0.77889,0.56930,0.55578
-0.31288,-0.34806,-0.78281,-0.72740,-0.96103,-0.48632,-0.49605,0.07565,0.08739,-0.32594,0.27865,0.24998,0.03811,0.56480,0.57203,0.22022,0.37749,0.62844,0.49919,0.58334
0.12308,0.18889,-0.11883,-0.21595,-0.24413,-0.07471,-0.29905,-0.24824,-0.35564,-0.34939,-0.16712,-0.28376,0.17114,0.30796,0.26143,-0.11172,0.59891,0.56900,0.42961,0.43852
-0.34650,-0.72024,-0.51235,-1.01404,-1.53360,-1.57730,-1.04995,-0.71843,-0.30270,-0.28183,0.81724,0.27359,-0.00312,-0.50146,-0.29209,-0.75311,-0.69501,-0.87336,-0.41159,-0.40526
-0.02338,0.24241,0.85710,0.94456,0.70284,0.64671,0.66738,0.48453,0.39955,0.26385,0.03694,0.27602,-0.01579,-0.05211,0.11853,0.11691,0.00428,0.20117,0.87282,0.49250
-0.12780,-0.58042,-0.60571,-0.59940,-0.27480,-0.37072,0.16959,0.26156,-0.11552,0.08409,0.38320,-0.23970,-0.02060,0.71224,0.82800,0.97428,0.58470,0.92797,0.84596,0.53723
-0.03082,-0.59627,-0.10140,0.22407,0.10088,-0.09588,0.06326,-0.03918,-0.13868,0.01937,-0.19958,0.22160,0.15699,0.26215,0.48466,0.28792,0.51139,0.29578,0.65553,0.63703
-0.32466,0.01904,0.12088,0.23063,-0.15536,0.03692,0.33553,0.17760,0.01288,0.22312,0.32433,0.45509,0.52020,-0.03448,0.10838,0.03092,0.10761,0.32974,0.20884,0.21663
0.44827,0.75639,0.68744,0.34707,0.16722,0.09903,0.46464,0.65350,0.60512,0.28106,0.48873,0.99273,1.11374,1.35500,1.01516,1.32090,0.75539,0.15893,-0.44618,-0.39326
0.10445,0.51999,0.68401,0.32802,0.39651,0.38394,0.42920,0.08739,0.48994,0.21622,-0.03627,0.26676,0.04670,0.60831,0.31220,0.53222,0.79637,0.61466,0.43467,0.80910
0.31436,0.70378,0.57788,0.53187,0.63139,0.32903,0.40001,0.22802,0.23752,0.00198,-0.34149,-0.21883,0.45263,0.50218,0.15578,-0.04229,-0.49263,-0.87896,-0.94847,-1.22457
0.30603,-0.19588,0.03885,0.12495,0.12117,0.18873,0.01944,-0.11664,0.00453,-0.27176,0.17662,0.60183,0.73869,0.53225,0.36603,0.26699,-0.31576,-0.06132,-0.07552,-0.25957
0.35290,0.34207,0.65190,0.72976,0.14175,0.05560,-0.00824,0.28788,-0.01469,0.16422,0.19123,0.21654,0.15432,-0.02778,-0.43860,-1.34389,-1.15758,-1.36989,-1.25684,-1.30853
0.93783,0.58244,0.63429,0.07451,-0.40975,-0.02649,-0.16055,0.05837,0.08984,0.25635,0.35240,0.35551,-0.04517,-0.07089,-0.11482,0.09481,0.10317,0.54418,0.18063,0.44839
-0.55786,-0.34928,0.01457,0.01171,0.11172,0.34878,0.03218,0.14921,0.00274,0.23547,-0.19639,0.07323,0.38960,0.64372,0.94436,0.72813,0.24561,0.44914,0.53750,0.44573
-0.65700,-0.94538,-1.34978,-1.62792,-1.55062,-1.34929,-1.34716,-1.20175,-1.33657,-1.19788,-0.54439,-0.19871,-0.09853,-0.24838,0.04816,-0.23049,-0.57611,-0.75620,-0.45903,-0.84101
0.12769,-0.24578,-0.13273,-0.05213,-0.28972,-0.50428,-0.59035,-0.45473,-0.61608,-1.10808,-0.85717,-0.34151,0.01659,0.04326,0.10955,-0.21424,-0.41891,-1.02820,-0.33792,-0.19408
-1.42331,-1.17645,-0.98154,-0.56494,-0.75461,-0.47090,-0.76521,-0.11465,0.31748,0.30936,0.44686,-0.35546,-0.51212,-0.52357,-0.44455,-0.01754,-0.49734,-0.70364,-0.63332,-0.49843
-1.07183,-0.59242,-0.98604,-1.10909,-0.51023,-0.42571,-0.55396,-0.02419,-0.02461,-0.22873,-0.22168,-0.41423,-0.59989,-0.15780,0.23466,-0.02434,-0.12747,-0.11515,-0.10242,-0.50709
0.32231,0.75481,0.83735,1.01157,0.33229,0.81039,0.24878,0.18266,0.42729,-0.04360,-0.27045,0.18268,0.25957,0.09133,-0.01482,0.37233,0.75427,0.92533,0.65186,0.76269
0.32694,0.52644,0.58485,0.55429,0.03603,0.31359,0.48127,0.31512,0.65432,0.67491,0.49267,1.03388,0.79771,1.08704,1.54521,1.01410,0.79850,0.57892,-0.05979,0.04152
-0.79459,-0.53103,-0.47718,-0.87296,-0.60024,-0.59417,-0.76385,-0.53851,-0.36653,-0.84822,-0.90501,-0.57741,-0.81161,-0.61272,-0.88378,-0.94190,-0.61745,-0.89764,-0.74684,-0.99549
-0.74382,-0.90259,-0.73071,-0.53746,-0.70469,-0.66735,-0.49261,-0.61827,-0.72767,-0.49883,0.06179,0.39997,0.07512,-0.04590,0.36121,0.43174,0.13672,0.15195,-0.08143,-0.14648
-0.55888,-0.75445,-1.17205,-1.18122,-1.31188,-1.21572,-0.20034,-0.53900,-0.16144,-0.02668,-0.28335,-0.52177,-0.50872,-0.33877,-0.12595,0.04739,0.25682,0.30629,0.52975,0.29086
-0.26211,-0.02517,0.01056,0.07859,0.17813,0.45878,0.39717,-0.21822,0.13433,0.53923,0.34496,0.38718,-0.15046,0.25656,0.23385,-0.00108,0.06936,-0.04358,0.11763,0.38052
0.27879,0.32808,-0.06834,-0.15036,-0.48597,-0.42726,-0.92930,-0.87218,-1.36388,-0.89444,-0.42722,-0.20739,-0.12918,0.03018,-0.38337,0.27666,-0.26179,-0.19531,-0.18001,-0.54454
0.08775,-0.22605,-0.34933,0.33891,-0.26010,0.14980,0.01710,-0.21544,0.02310,0.24960,0.57398,0.27121,-0.09522,-0.13052,-0.24869,-0.09449,-0.39300,-0.44969,-0.94608,-1.20740
0.06206,0.35574,-0.06340,0.09821,0.39808,-0.12657,-0.38694,-0.34958,-0.23166,-0.06439,-0.04724,-0.37592,-0.23299,-0.19248,-0.23392,-0.65059,-0.73635,-0.48375,-0.69384,-0.46985
0.67747,0.57907,0.88898,0.78094,0.84526,0.91739,1.10005,1.42303,1.34847,1.23928,1.13743,0.71192,0.24971,0.57757,1.00027,1.08038,0.56695,0.48038,0.87031,0.63670
-0.27260,-0.34167,-0.41778,-0.83442,-0.98844,-1.11176,-1.00420,-0.95637,-1.05679,-0.65889,0.01128,-0.26807,-0.13271,0.25557,0.03026,-0.04221,0.02650,-0.05440,-0.22976,-0.27395
0.63178,0.69610,1.05004,1.06362,0.99292,0.76617,0.60283,0.65246,0.85259,0.75970,0.91375,1.00301,0.53554,0.76354,0.56626,1.07137,1.41573,1.16004,0.87970,0.61128
0.09179,0.21656,0.51888,0.26998,0.70896,0.68850,0.45643,0.54413,0.11013,-0.03860,0.18731,0.36078,0.51886,0.33634,0.44585,-0.38478,-0.26943,-1.03134,-1.11610,-0.70557
-0.26276,-0.71543,-0.46755,-0.07007,-0.85222,-1.03843,-0.92471,-0.92810,-0.89524,-1.10494,-0.88976,-0.92832,-0.97094,-1.17376,-0.87902,-0.90269,-0.70494,-0.90877,-0.66813,-0.64109
0.25298,0.15724,-0.09668,-0.25311,-0.85575,-0.93635,-0.57341,-0.92150,-0.48326,0.09189,0.28512,0.01515,0.26643,0.42738,0.20714,0.24461,-0.05088,-0.18864,-0.18988,-0.24220
-0.12371,0.11959,0.21396,0.20331,0.12836,0.16538,0.28638,0.28449,0.03688,-0.23307,0.15295,-0.17218,-0.12763,0.01323,0.35770,0.58262,0.80856,0.65392,0.95843,0.62407
0.67763,0.24457,0.52816,0.84667,0.64805,0.41656,0.41866,0.44579,0.27227,0.01526,0.00325,-0.03811,0.10064,0.87747,0.58436,0.73227,0.07003,0.34952,0.54565,0.29891
-0.78650,-0.71803,-0.29507,0.05422,0.08187,0.16067,0.24886,0.43800,-0.03763,0.08526,-0.10930,-0.33984,-0.45350,0.12845,-0.15073,-0.48199,-0.79128,-0.44694,-0.61170,-0.35087
-1.35945,-1.73957,-1.70693,-1.89835,-1.70700,-1.50791,-1.30815,-0.89726,-0.75734,-0.35693,-0.27128,-0.60315,-0.74715,-0.58925,-0.44865,-0.48362,-0.46791,-0.24870,-0.53347,-0.28963
1.11593,1.00394,1.04714,0.57980,0.86555,0.27099,0.58123,0.56478,0.04720,0.02936,0.11065,0.04353,0.18537,-0.05657,-0.10252,-0.13703,-0.22383,-0.31679,0.07807,-0.19872
-0.94221,-0.84893,-1.02134,-1.15991,-1.15697,-1.52787,-1.58418,-1.52311,-1.32468,-0.97312,-0.99628,-1.51358,-1.07615,-0.26857,-0.33468,-0.54017,-0.02005,-0.16323,-0.04085,0.22509
-0.42959,-0.50626,-0.81061,-0.43188,-0.79071,-0.20607,-0.52825,-0.03586,-0.31015,-0.45924,-0.14856,-0.10424,-0.85048,-0.74312,-0.59393,-0.46257,-1.00419,-1.03399,-0.68871,-1.43442
0.38696,0.15581,-0.24278,-0.28939,-0.12793,-0.64297,-0.48335,-0.27804,-0.55725,-0.40190,-0.22109,-0.34175,-0.35001,-0.47017,-0.69979,-0.84109,-0.26386,-0.39449,-0.51486,-0.28108
-0.57673,-0.57087,-0.24525,-0.61844,-0.03075,-0.05207,-0.06035,-0.09184,-0.52578,-0.48036,-0.90691,-0.53381,-0.44651,-0.43058,-0.09581,0.06870,0.44013,0.54137,0.64357,0.87350
-0.66347,-0.44756,-0.31239,-0.13510,0.52594,0.42234,0.38504,0.03058,-0.16680,-0.13500,-0.16508,-0.09894,-0.17386,0.05854,-0.05179,-0.22772,-0.22114,-0.02293,-0.29474,-0.22447
0.26092,0.30939,0.77806,0.93763,0.95802,0.88479,0.31232,0.56161,0.30760,0.50359,0.52294,0.49280,0.48883,0.12709,-0.03493,-0.21684,-0.13858,0.07085,-0.15083,-0.33888
0.67403,0.75278,0.45801,0.32928,-0.10753,-0.60114,-0.31330,-0.48691,-0.52628,0.01735,-0.22717,0.04154,-0.42871,-0.39439,-0.54373,-0.57792,-0.79499,-0.76683,-0.73540,-0.34361
-1.32541,-1.18413,-1.25629,-1.41701,-1.27652,-1.23571,-0.89721,-0.27258,-0.01593,0.16805,-0.33356,-0.01702,0.03158,0.08555,-0.53846,-0.07792,-0.23921,-0.24546,-0.53773,-1.04568
-0.74857,-0.65637,-0.80143,-0.60414,-0.35875,0.15799,0.57459,0.72079,0.53408,0.41966,0.24076,0.26421,0.38256,0.68045,0.49662,0.47935,0.12470,0.12701,-0.14059,0.04276
0.74774,0.53591,1.11886,0.83726,0.62064,0.61915,0.57023,0.28859,0.31358,0.06795,0.32038,0.25858,0.31424,0.39262,0.54788,0.77206,0.64132,0.36048,0.26716,0.68289
-0.53974,-0.52708,-0.65773,-0.25231,-0.44247,-0.73088,-0.38896,-1.00666,-1.29591,-1.24154,-0.87922,-0.75545,-0.14669,-0.12301,-0.46490,-0.55055,-0.88547,-1.00706,-1.11236,-0.48320
0.63875,0.85121,0.92271,0.63585,0.89365,1.12448,0.95777,1.46975,1.23822,0.98515,1.09332,1.05955,1.60913,1.53927,1.20686,1.24671,1.45532,1.28957,0.90997,0.30711
-0.39974,-0.69642,-0.25818,-0.36625,-0.38762,-0.49793,-0.73229,-0.77554,-0.86889,-1.14385,-1.37115,-1.38943,-1.32240,-1.15366,-1.28183,-0.86287,-0.85307,-1.11550,-0.91887,-1.07294
-0.68889,-0.83239,-1.01802,-0.93230,-1.26669,-1.14216,-0.54414,-0.35611,-0.49762,-0.89860,-0.88659,-1.01827,-1.07450,-0.94469,-0.63245,-0.40541,-0.54999,-0.11909,0.14684,0.10764
-0.16616,-0.08770,-0.11945,-0.06049,-0.24345,-0.14478,0.42774,0.08561,-0.04801,-0.02664,0.09527,-0.03761,0.48168,0.21230,0.28391,0.76025,0.78328,0.94380,0.60989,0.57275
0.95586,0.49658,0.36141,-0.55105,0.01101,-0.06337,0.03292,0.34116,0.66867,0.47737,0.58863,0.70035,0.50149,0.78590,0.53275,0.16830,-0.30623,0.12635,-0.03823,0.01461
-0.39575,-0.70910,-0.69123,-0.58814,-0.46013,-0.39012,-0.12973,-0.19024,-0.34549,-0.14986,0.02816,-0.13280,-0.34719,-0.35886,0.08297,0.00165,-0.22644,-0.11335,0.17433,0.32440
0.53775,0.60130,0.49376,0.09009,0.16592,0.81595,1.04889,1.32861,1.30341,1.23008,1.50085,1.62307,1.91633,0.94642,0.77850,0.54869,1.01634,1.06728,0.89737,0.42613
2.05998,1.83701,1.66802,1.26386,1.29727,0.86007,0.42673,0.34130,0.24236,0.39794,0.45213,-0.00917,-0.01987,0.16134,0.66897,0.18837,0.55185,0.14588,-0.06235,-0.22308
1.32713,1.45725,1.45347,0.69366,0.62000,0.74106,0.77488,0.56164,0.22063,-0.14642,-0.06713,-0.25162,-0.00909,0.01073,0.10773,-0.02190,0.12694,-0.10856,0.03713,0.03507
-0.34577,-0.21104,-0.17955,-0.16158,-0.49699,-0.68197,-0.54370,-0.40135,-0.46022,-0.36523,0.01044,0.07974,0.13425,0.43396,0.42589,0.44827,0.18424,-0.13289,-0.47417,-0.54836
-0.47188,-0.09473,-0.08959,-0.16443,-0.59160,-0.10859,-0.30931,-0.11080,-0.26331,-0.45570,-0.27539,-0.14545,-0.31811,-0.46814,-0.44757,-0.88414,-1.08447,-0.87166,-0.33196,0.01637
0.03281,0.44197,0.06705,-0.11198,0.34751,0.57066,0.60751,0.70058,0.92959,1.07143,1.44366,1.44607,1.01962,0.77103,0.70767,0.86243,1.01592,1.44833,0.95114,0.82679
1.07703,1.12693,0.88182,1.00143,0.53203,0.53202,0.60312,1.11785,0.82631,0.92539,0.49973,0.51946,0.23417,0.53671,0.40652,0.37156,0.72006,0.99184,0.93959,0.96050
-1.36350,-1.49338,-1.15758,-0.58995,-0.21714,-0.07924,0.18328,0.31072,0.51415,0.12048,0.44688,-0.07716,-0.40828,-0.13321,-0.03839,-0.05725,-0.32299,-0.98011,-1.02951,-0.94935
-0.63541,-1.04541,-1.06549,-0.99442,-0.83181,-0.59050,-0.48513,-0.73544,-0.69934,-0.64209,-0.35478,0.10486,-0.08406,-0.31956,-0.39938,-0.61987,-0.54321,-0.43614,0.43690,0.16223
0.42161,0.60264,0.28676,-0.23402,-0.25419,-0.19211,-0.43939,-0.72750,-0.55548,-0.82081,-0.51456,-0.21902,-0.34780,-0.57791,-0.54475,-0.71378,-0.33950,-0.16393,-0.09527,-0.05002
-0.71695,-0.71341,-0.44346,-0.44746,-0.45371,-0.20161,-0.32409,-0.02294,0.46169,0.04169,-0.28541,0.26888,0.64030,0.64250,0.88705,0.78861,0.66782,0.49383,0.46896,0.40337
0.75886,0.62241,0.49817,0.73317,0.72901,0.56444,0.83622,0.78845,0.81856,0.15006,0.26680,0.17671,0.22841,-0.08402,0.00391,-0.33039,-0.59128,-0.69291,-0.94358,-1.01056
-2.17243,-1.92915,-1.42437,-0.87676,-0.71735,-0.56958,-0.64122,-0.96340,-0.82416,-1.02062,-0.62716,-1.05730,-1.14214,-1.28848,-1.40696,-1.58394,-1.31917,-1.33228,-1.51096,-1.21405
-0.04765,-0.18661,0.08974,-0.05396,-0.13207,0.08664,0.10148,-0.05548,-0.21440,-0.11136,-0.31726,-0.28511,-0.59660,-0.60598,-0.52540,-0.76574,-1.30006,-0.92981,-0.57346,-0.23859
0.09932,-0.36835,-0.24618,0.26137,0.42412,-0.28587,-0.07248,0.37478,0.48302,0.39893,0.24435,0.43375,0.16240,-0.61307,-0.15331,-0.42435,-0.65257,-0.47054,-0.39213,-0.20764
0.14973,0.46277,0.72247,0.58860,0.53305,0.79357,1.02251,1.02691,1.27958,1.40735,1.65919,1.60431,1.25112,0.87932,1.76657,1.28452,1.37927,1.58631,1.64317,1.65547
0.16601,-0.06477,-0.37088,-0.50387,-0.59884,-0.49624,-0.90109,-0.74486,-0.86057,-1.06983,-1.09262,-0.65016,-0.37947,-0.53149,-0.47939,-0.01291,-0.30235,-0.01865,0.12609,-0.29498
0.73869,0.67774,0.46501,0.30590,0.17216,0.33766,0.45240,0.56046,0.67097,0.80965,0.82365,1.16231,0.75726,0.89738,0.72081,0.51800,0.58076,0.17978,-0.04685,-0.37185
0.34278,0.31984,0.21793,0.26696,-0.00248,-0.04971,0.23829,0.46376,0.26669,0.37320,0.59768,0.50856,0.35604,0.44805,0.61868,0.59216,0.31998,0.69613,1.12904,0.92109
-0.65511,-0.26781,0.01718,-0.03219,-0.38388,-0.34861,-0.36501,-0.59894,-0.42622,-0.43613,-0.67153,-0.63176,-0.77926,-0.70614,-0.82058,-0.67072,-0.84227,-0.37495,-0.61335,-0.73980
0.24886,0.12317,-0.12550,-0.56918,-1.16663,-0.73288,-0.59499,-0.73891,-0.66015,-0.27318,-0.65092,-0.41415,-0.12819,-0.42349,-0.73033,-0.76767,-0.62532,-0.29497,0.07515,0.04435
-0.72035,-0.82762,-1.03370,-1.02015,-0.92826,-0.73403,-0.92865,-0.55473,-0.55400,-0.47245,-0.33510,-0.90961,-1.23773,-1.00064,-0.81809,-0.76775,-0.40723,-0.40028,-0.06787,-0.16066
-0.06365,0.25917,0.16560,-0.08964,0.00072,0.13884,-0.08768,-0.25247,-0.11169,-0.51927,0.09704,-0.24472,-0.09005,-0.43170,-0.29554,-0.45035,-0.18337,-0.33690,-0.10356,0.19829
0.12026,0.13406,-0.21169,-0.34926,-0.56638,-0.58183,-0.82753,-0.86374,-0.95399,-1.00289,-0.67730,-0.27494,-0.71244,-0.59930,-0.73006,-0.76029,-0.89212,-1.18769,-0.71630,-0.94818
-0.65934,-0.01176,0.31719,0.43320,0.75018,0.71240,0.13289,-0.09190,-0.42081,-0.37992,-0.06662,-0.08662,0.10751,-0.02530,0.43143,0.25064,-0.28878,-0.25547,0.03800,-0.20393
0.13713,0.67080,0.15573,0.18608,0.28229,-0.15515,0.46526,0.53119,0.12996,0.32329,0.10302,-0.08072,-0.37826,-0.14806,0.01941,-0.07623,-0.20502,-0.13521,-0.09297,-0.46600
0.24253,0.13431,-0.06222,-0.11096,0.55139,0.23475,-0.14642,-0.21506,0.15338,0.23236,0.15572,-0.06218,-0.26896,-0.37265,-0.86368,-1.04860,-1.31570,-1.03208,-1.26962,-1.24280
-0.06977,0.15872,0.18142,-0.32427,-0.21612,0.05805,0.59215,0.81928,0.61087,0.52544,0.91251,0.59868,0.22975,0.36592,0.53657,-0.02990,-0.16718,-0.16253,0.07219,0.75253
-0.28060,0.05676,0.01791,-0.31487,-0.25959,0.06109,-0.07169,-0.14804,-0.76075,-0.96886,-0.32536,-0.46107,-0.81376,-0.88958,-0.61658,-0.53880,-0.71132,-1.05465,-0.86293,-0.52678
-0.63829,-0.83924,-0.43686,0.13519,-0.09868,-0.02540,-0.17189,0.12524,0.58778,0.23711,0.32715,0.28711,-0.16488,0.41957,0.99311,1.34278,1.28404,1.19028,1.31402,1.00153
0.78856,0.80301,0.57612,0.49226,0.55100,0.26256,0.15514,0.10149,-0.04084,0.08656,0.07292,-0.09570,-0.01357,0.24147,-0.00253,0.06981,-0.24322,-0.22648,0.10189,0.09340
-0.49092,-0.75909,-0.20544,-0.08003,-0.15588,-0.04578,0.13022,0.57972,0.33492,0.46025,0.65230,0.45738,0.52703,0.13759,-0.07773,-0.19995,-0.07161,-0.34999,-0.69016,-1.23680
-0.20593,0.00757,0.05636,-0.20229,-0.16467,-0.51791,-0.46009,-0.16083,-0.10791,-0.24190,-0.17342,-0.00535,-0.07555,-0.17167,-0.05312,0.12175,-0.05298,0.24420,-0.39296,-0.21121
0.27440,0.48626,0.31398,-0.07274,0.30394,0.15858,0.48492,0.27687,0.24768,0.42062,0.26420,-0.35693,-0.48398,-0.10342,0.22286,-0.10381,-0.06849,0.20345,0.07932,0.32233
0.62789,0.55630,0.39813,0.03738,0.33516,-0.04020,0.31917,0.61807,0.15795,-0.13526,0.27815,0.16567,0.33039,0.17463,0.05916,0.37574,0.56317,0.47248,0.01171,0.08410
0.01945,0.20918,-0.24671,-0.11472,-0.41730,-0.46888,-0.26859,-0.55619,-0.40924,-0.73639,-1.10863,-0.68045,-0.66199,-0.49770,-0.27174,-0.63899,-0.49594,-0.02957,-0.17674,-0.40681
0.16649,0.50171,0.15585,0.54928,0.54986,0.52475,0.34339,-0.02771,-0.07272,-0.00524,-0.13608,-0.35324,-0.36805,0.28055,0.86592,0.44978,0.26362,-0.43479,-0.11221,-0.14194
-0.68941,-0.82688,-0.87922,-0.90374,-1.42326,-0.99807,-1.19348,-1.00594,-0.72110,-0.16028,0.00811,0.35741,0.44204,0.30213,0.35680,0.33766,0.05804,-0.09498,-0.26901,0.03719
0.26682,0.53175,0.32288,0.32803,0.52119,0.06312,-0.07811,0.03740,-0.17612,0.02230,0.21210,0.14164,0.20448,0.08976,-0.41480,-0.82239,-0.38156,0.07696,-0.04720,0.55494
-0.04067,0.22600,-0.24552,-0.14327,-0.32103,-0.67615,-0.84756,-0.99659,-0.66253,-0.38155,0.43216,0.39178,-0.14113,-0.28956,-0.57569,-0.85403,-0.97238,-0.88702,-1.13145,-0.96454
-0.00521,-0.46336,-0.32701,-0.31498,-0.49027,0.05605,0.10731,0.34250,0.79402,0.75524,0.63955,0.51078,0.42998,0.31118,0.35824,-0.05942,-0.00788,-0.38242,-0.70589,-1.02862
0.97540,0.96754,0.76902,0.28681,0.10225,0.22016,0.25260,0.18448,0.54790,0.60120,0.34750,-0.16556,-0.13264,-0.19830,-0.28768,0.17666,0.46842,0.33019,0.37804,0.06882
0.56149,0.07353,0.25175,0.12675,0.10344,0.07599,-0.12150,-0.46364,-0.56618,-0.85011,-0.46231,-0.40294,-0.09655,-0.44464,-0.24257,-0.24835,-0.29191,-0.50445,-0.69962,-0.63285
-0.46322,0.02783,0.17664,-0.15006,-0.26240,-0.84287,-0.88097,-1.51313,-1.12732,-0.61656,-0.56278,-0.52011,-0.33307,-0.25707,-0.50807,-0.70602,-0.51701,-0.31539,-0.24946,-0.15519
-0.53187,-0.35006,0.01593,0.11585,-0.00862,0.03197,-0.18565,-0.40545,-0.68831,-1.01669,-1.25827,-1.39320,-1.15464,-1.44353,-1.29061,-0.99543,-0.42625,-0.28662,0.04507,0.14034
-0.59622,-0.70513,-0.24758,0.02648,0.11615,0.01527,0.23004,0.18901,-0.07891,0.25381,-0.29964,-0.68382,-0.91509,-0.65420,-0.65811,-0.98334,-0.93456,-0.75065,-0.82081,-0.90030
-1.06457,-0.67737,-0.65321,-0.47885,-0.50795,-0.45624,-1.02145,-1.16755,-1.10911,-1.12960,-0.66574,-0.76722,-0.57008,-0.76165,-0.53236,-0.68297,-0.73349,-0.66244,-0.54629,-0.26850
0.28438,0.14801,0.59425,0.17122,0.47957,0.69622,0.31850,0.61553,0.82471,0.51284,0.04800,0.40467,0.68421,0.76518,0.59179,0.55626,0.55794,0.57003,0.37505,0.35770
-0.24222,-0.27085,-0.49452,-0.97437,-1.00915,-0.59526,-0.65554,-0.44108,-0.15991,-0.43331,-0.34147,-0.27442,0.01032,0.05370,-0.09930,-0.07647,0.32671,0.47089,0.49072,0.70558
-0.05131,0.35159,0.66682,0.10731,-0.11351,0.13008,0.11783,-0.14615,-0.18488,0.54400,0.42714,0.13269,0.04302,0.23523,0.00549,-0.20103,0.04661,-0.06080,-0.26187,-0.10716
1.20388,0.90391,0.64141,0.36523,0.51413,0.72238,0.37633,0.72473,0.41978,0.69724,0.48384,0.62442,0.52852,0.09242,0.08169,-0.21297,0.05684,0.19795,0.32390,0.16920
-0.74222,-0.89592,-0.88933,-0.79695,-0.36908,-0.55090,-0.41160,-0.51223,-0.95845,-0.53726,-0.56868,-0.34556,-0.46344,-0.49153,-0.52480,-0.38921,-0.57233,-0.30723,-0.52330,0.05096
-0.85523,-0.59295,-0.17858,0.20972,0.26785,0.55134,0.64320,0.37198,0.36799,0.60837,0.77448,0.62671,0.55392,0.44961,0.55596,0.05560,-0.01735,-0.07788,0.29424,0.55117
-0.63235,-1.22124,-1.10936,-1.33659,-1.08932,-0.69901,-0.42970,-0.12143,-0.39111,-0.73624,-0.49527,-0.19423,-0.89477,-0.63585,-0.65769,-0.32611,-0.24066,-0.18252,0.15662,0.50788
0.64622,0.18835,0.35939,0.24658,-0.00490,-0.13353,0.00884,-0.02537,0.23967,0.33438,-0.20371,-0.28512,-0.37081,0.00188,-0.32064,-0.42401,-0.07959,-0.27771,0.11515,0.38148
-0.05114,0.42409,0.07451,-0.65823,-0.05475,0.09690,0.55673,0.24155,0.08188,0.49239,0.59234,0.69224,0.87132,0.35362,0.24985,0.33235,0.03654,0.12111,0.10343,0.61580
0.13691,0.04657,0.04134,-0.04113,-0.24135,-0.23573,-0.11065,0.06910,0.02842,0.52575,0.55716,0.59765,-0.15310,-0.31534,-0.10241,-0.07587,-0.23269,-0.09133,0.35333,0.56672
-0.44270,-0.55041,-0.06972,0.19769,0.43288,0.78559,0.46599,0.08869,-0.23539,-0.59649,-0.46188,-0.45949,-0.46770,-0.34934,-0.32797,-0.27032,-0.28253,-0.00901,-0.16884,0.21161
-0.62365,-1.01622,-0.76837,-0.54702,-0.02922,-0.18519,-0.34024,-0.28741,-0.23902,-0.37992,-0.54791,-0.64710,-0.65812,-0.19717,-0.37242,-0.24209,-0.21222,-0.17884,0.06059,0.37573
-1.01708,-1.42467,-1.25878,-1.55230,-1.10629,-1.07280,-1.19842,-0.73031,-0.31696,-0.55421,-0.57957,-0.42906,-0.41205,0.13312,0.10282,-0.20172,-0.18116,0.43209,0.71086,0.55005
-0.71569,-0.50562,-0.67667,-0.27438,-0.48451,-0.56614,-0.76023,-0.49440,-0.37544,-0.32738,0.33227,0.93640,1.19575,1.21865,0.90248,1.01622,1.25570,1.28581,1.18592,1.15667
1.91138,2.11420,2.37550,2.40458,2.11787,2.07627,1.76254,1.60811,1.82514,1.93399,1.46181,1.78416,1.78856,2.41457,2.36340,2.46952,2.65700,2.81703,2.93646,2.61068
-0.04553,-0.27553,0.13741,0.44746,0.41158,0.06405,0.02799,-0.43992,-0.42383,-0.03030,0.21138,0.39385,0.84646,0.42629,0.70731,0.87535,0.29796,0.11716,0.12587,0.06157
-0.36590,-0.13924,-0.09839,-0.33950,-0.92175,-0.51578,-0.45855,-0.01552,-0.27019,-0.28771,-0.45833,0.08910,-0.02114,-0.42057,0.05746,-0.38273,-0.27394,0.17490,0.34618,0.32738
-0.33134,-0.17421,-0.22192,-0.39591,-0.09481,-0.03298,-0.00485,0.28316,0.10633,0.33526,0.34647,0.29870,0.20357,-0.25956,-0.31273,0.20536,-0.39445,-0.53538,-0.20051,0.26345
-0.75083,-0.74424,-0.48030,-0.52596,-0.58578,-0.82767,-0.72860,-0.65634,-0.99104,-0.67490,-0.71799,-0.82039,-0.99988,-1.28605,-1.20145,-1.43249,-1.03613,-1.37111,-0.79466,-0.57004
-0.85497,-0.82525,-0.77768,-1.11434,-1.14741,-0.77343,-0.74595,-0.32801,-0.74518,-0.90901,-0.85875,-0.68602,-0.31976,-0.13825,0.17279,0.36474,0.45992,0.31337,0.48927,0.69804
-0.04667,-0.00629,0.06251,0.42706,0.84890,0.72047,0.45304,0.61168,0.83199,0.41130,0.13312,0.42394,0.63238,0.80630,0.40747,0.07353,-0.18515,0.43067,0.12982,-0.03838
-0.64657,-0.63616,-0.28102,-0.28294,0.30842,0.48270,0.19990,0.45111,0.45165,0.44002,0.46562,0.54202,0.11528,-0.64674,-0.39366,0.20339,-0.05521,-0.52579,-0.43563,-0.64615
-0.32881,-0.34288,-0.82301,-0.45081,-0.39795,-0.38072,-0.35215,-0.21783,-0.76899,-0.22383,-0.16910,-0.52100,-0.35432,-0.05530,-0.26299,0.28292,0.18336,-0.48483,-0.32995,-0.19003
0.54763,0.45604,0.34012,0.31223,0.27228,0.37478,0.72286,0.49783,0.02227,0.63577,0.44863,0.41657,0.40143,0.82158,0.70563,0.21877,-0.24273,-0.74385,-1.02049,-1.53539
-0.25147,-0.10956,-0.21252,-0.10124,-0.37298,-0.63396,-1.21292,-0.99036,-0.97359,-1.20030,-1.29700,-1.28509,-1.23333,-1.11471,-0.88178,-0.42517,-0.39083,-0.22863,-0.58902,-0.40924
-0.45259,-0.95733,-0.53921,-0.48734,-0.52084,-0.50556,-0.76098,-0.87796,-0.44223,-0.27774,-0.29142,-0.59609,-0.62451,-0.19686,-0.06644,-0.14677,-0.25470,-0.05891,-0.05786,0.21008
0.37185,0.77489,0.45851,0.59159,0.24812,0.11705,-0.18965,-0.10547,0.10952,0.34932,0.84583,0.69262,1.02191,0.89264,0.84156,0.84516,0.74865,0.64748,1.05738,0.74529
0.22790,-0.20528,-0.39041,0.01643,0.28555,0.80137,0.95315,0.84306,1.20236,1.69717,1.77533,1.92078,2.08883,1.81533,1.28578,1.46954,1.32814,1.24091,0.96314,1.15174
-0.11883,-0.39078,0.10521,0.03033,-0.35963,-0.24129,-0.07988,-0.25418,-0.17761,-0.00917,-0.29392,-0.75108,-0.56184,-0.43870,-0.40102,-0.05871,0.35177,0.42648,0.02880,-0.49373
-0.34378,0.18816,0.06572,0.12089,0.50278,0.67979,0.56991,0.41825,0.73330,0.75128,0.67478,0.14539,0.03372,0.43756,0.22817,0.32529,0.43655,0.73592,0.83469,0.70152
-0.04283,-0.42591,0.04842,-0.60084,-0.73261,-0.70034,-0.47804,-0.26013,-0.19132,0.34218,0.40135,-0.01753,0.53244,0.92063,0.62277,0.57913,0.38753,0.39981,0.15764,0.39737
