-0.27103,0.02563,-0.10137,-0.18435,-0.34466,-0.52393,-0.37624,-0.42657,-0.45819,-0.58652,-0.24426,0.12661,0.20264,0.32933,0.55904,0.82583,0.57513,0.59117,0.68646,0.75901
1.60554,1.79369,2.25510,2.08294,1.29979,1.47721,1.43965,1.88125,2.09098,1.90582,1.57480,1.51886,1.41529,2.20696,2.20763,1.62001,1.61911,1.69888,1.54953,1.76261
3.93667,3.94679,4.25644,4.72259,4.01303,3.61945,3.83829,3.59909,2.97208,2.64614,2.94462,2.98068,2.72544,2.22824,2.22097,2.35255,2.23773,1.65583,1.46032,1.61250
2.13157,2.15192,2.11259,1.87815,2.21607,2.11402,1.94816,2.14556,1.68431,1.82880,1.37170,1.70649,1.91245,1.72817,1.57079,1.52243,1.87484,2.36457,2.73919,2.29817
-3.20867,-3.27032,-3.73556,-3.33458,-3.28788,-3.10855,-3.12015,-3.56325,-3.64007,-3.86051,-3.86143,-3.46679,-3.39745,-3.81970,-3.68204,-3.31560,-3.51152,-3.72968,-4.05729,-3.89866
-0.08487,0.12708,0.05698,0.21716,-0.06532,0.12512,-0.07046,-0.23873,-0.64507,-0.91311,-0.81219,-0.91483,-1.02332,-1.38544,-1.25222,-1.15792,-1.58898,-1.56367,-1.79468,-1.85775
-7.89519,-7.79764,-7.93127,-7.27675,-8.02657,-7.79888,-7.84438,-7.18219,-6.90150,-6.66858,-6.40919,-6.89007,-7.22208,-6.95159,-6.72465,-7.23984,-7.48771,-7.47234,-7.03225,-7.28443
-0.84742,-0.60508,-0.54473,-0.60947,-0.50231,-0.23463,-0.31004,-0.26448,-0.16113,-0.11447,-0.37918,-0.31204,-0.55180,-0.62086,-0.82616,-0.98399,-0.74400,-0.65365,-0.35786,-0.31876
-0.63931,-0.82340,-0.61977,-0.84558,-0.61680,-0.56520,-0.69816,-0.68471,-0.72644,-0.39358,-0.52044,-0.53231,-0.53296,-1.02680,-0.96768,-0.97055,-0.84862,-0.55730,-0.77849,-0.63042
-0.53424,-0.41555,-0.76046,-0.66339,-0.84201,-0.71895,-0.77172,-0.61587,-0.93747,-0.48313,-0.61270,-0.61402,-0.59431,-0.51622,-0.43112,-0.46036,-0.67470,-0.58478,-0.69542,-0.71864
-1.50290,-1.60817,-1.87620,-2.41310,-2.88642,-2.77136,-2.59469,-2.38688,-2.32666,-2.41871,-2.28537,-1.90094,-1.44453,-0.99156,-1.07558,-0.89059,-0.87909,-0.41774,-0.17882,-0.34930
1.30001,1.03308,0.96562,1.22853,0.94788,0.88961,0.82762,0.68592,0.25837,0.39418,0.50643,0.35682,0.47406,0.50756,0.26440,0.02289,0.34674,0.32992,0.57386,0.67478
3.92420,3.86003,3.93483,3.82393,4.47778,4.74471,4.17163,4.60517,4.43569,4.41587,4.85876,4.82840,4.94386,4.91086,5.12327,4.77004,5.07026,5.44798,5.48274,5.74684
4.92458,4.87040,4.78579,4.69670,5.33737,5.11802,5.06410,4.70023,4.37177,4.33880,4.32676,4.04264,3.82374,4.00178,4.39922,4.25363,4.09628,4.10583,3.78740,3.95228
3.74781,3.63900,3.47668,3.66691,3.70580,4.02775,3.82145,3.32947,3.00811,2.73080,3.11957,2.86717,3.08699,3.75671,4.00318,3.97846,3.80079,3.54192,3.44193,3.59731
-2.47571,-2.91544,-2.96175,-3.27439,-2.76811,-3.05705,-3.03585,-2.88120,-2.85069,-2.96612,-3.41523,-2.96445,-2.48824,-3.03297,-3.11238,-3.45278,-3.33521,-3.45178,-3.68425,-3.25546
-0.77019,-0.94142,-0.85130,-0.73406,-0.80054,-1.02288,-0.92318,-0.51790,-0.54132,-0.35047,-0.32020,-0.08676,-0.05324,0.07317,-0.04319,0.39960,0.31053,0.28663,0.35120,0.29053
0.25185,0.44763,0.19197,0.21138,0.17421,0.62012,0.39805,0.32203,0.14714,0.60421,0.15432,0.19158,0.25076,-0.13578,-0.16635,-0.25480,0.08649,0.28518,0.38156,0.30337
-0.31461,-0.72068,-0.56617,-0.74526,-0.51470,-0.51625,-0.55555,-0.70064,-0.57652,-0.76543,-0.92597,-0.46311,-0.08673,-0.20105,-0.05114,-0.19857,-0.15540,-0.55987,-0.40000,-0.62176
3.39381,3.25419,2.80460,2.68370,2.74478,2.72530,3.09634,3.14133,3.30778,3.60182,3.43247,3.58087,3.40382,3.48265,3.42088,3.60985,3.36550,3.74854,3.21616,2.83101
1.08378,0.81873,0.98507,1.03235,0.86387,0.41347,0.51282,0.55436,0.32481,-0.06457,0.13156,0.53602,0.34487,0.14693,0.06137,0.02159,0.31178,0.64124,0.60637,0.89462
0.84692,1.10255,1.07232,0.98881,0.92655,1.36585,1.20821,1.25299,1.77825,1.33176,1.26927,1.29797,0.98319,1.30093,1.41710,1.69405,1.99416,2.03540,2.17857,1.71191
3.14950,3.51224,3.34427,3.12539,3.19312,3.55649,3.07167,3.19597,3.50837,2.99787,2.90269,3.44697,3.32224,3.24493,3.02915,3.17945,2.86294,2.81846,2.47340,2.26226
0.41631,-0.08299,-0.23244,-0.45302,-0.40738,-0.35504,-0.68758,-0.24937,-0.38980,-0.28911,-0.41851,-0.02552,0.00784,-0.05289,0.22985,-0.17406,0.10057,0.10795,-0.18992,-0.59072
-1.47324,-1.49705,-1.81825,-1.54277,-1.62100,-1.28171,-1.33794,-1.25096,-1.17832,-0.89830,-0.82355,-1.11600,-0.81645,-0.53095,-0.75169,-0.31831,-0.35259,-0.56591,0.01913,0.14764
3.84551,3.94866,4.23847,4.52539,4.52071,4.83449,4.44750,4.93056,4.69518,4.48162,4.50619,4.53922,4.69851,5.26001,5.48644,5.54872,5.70672,6.16304,5.90964,6.08145
3.75854,3.87644,4.08105,3.96889,3.73899,4.07009,3.56685,3.56611,3.83808,3.26588,3.30165,3.36803,3.26263,3.21962,3.15844,3.23212,3.09339,3.38690,3.62262,3.16539
-1.76873,-1.86925,-1.83916,-2.18893,-1.76615,-2.14507,-2.49156,-2.41157,-1.92816,-1.91981,-1.74567,-1.74865,-1.69388,-1.90634,-1.66737,-1.53273,-1.78764,-1.75729,-1.17478,-1.07495
3.93010,3.67022,4.31562,4.56037,4.59418,4.82854,4.84787,4.87920,5.07672,5.20791,5.10043,4.56728,4.59529,4.40632,4.44185,4.07367,3.72953,3.65066,3.57865,3.60020
2.00270,1.96964,1.89292,1.84265,2.19557,2.08553,3.05823,3.08161,3.86868,3.78546,4.13398,3.89118,3.65704,3.98419,3.67756,3.75817,4.08096,4.11820,4.05117,4.10031
1.99918,1.64297,1.48826,1.90789,1.88060,1.66149,1.61934,1.56607,1.50458,1.11697,0.92802,0.47124,0.20562,0.76830,0.65341,0.36330,0.23873,0.39576,0.44296,0.43785
4.41025,4.31615,3.48835,3.25984,2.43482,2.70796,2.94272,3.05948,3.19216,3.23773,3.26593,3.25492,3.13761,2.84028,2.91712,3.01418,2.98923,2.79567,2.18211,2.29594
3.90669,4.07823,4.17496,3.58607,4.21092,4.81228,5.20251,4.90525,4.97461,5.46567,5.46783,5.61602,5.29539,5.12607,4.78803,5.27616,5.28551,5.72265,4.81730,4.93137
1.18527,1.24725,1.13879,1.14341,1.11929,1.04393,1.02515,1.22525,1.18685,1.37852,1.52584,1.13720,1.01812,1.37171,1.21755,1.81343,1.76365,1.90059,2.10305,1.88219
2.74313,2.86127,3.35348,3.24349,2.66058,3.09061,3.47767,3.41276,3.39569,3.32987,3.02988,2.57699,2.58362,2.10965,2.44245,2.33236,2.16394,1.82919,1.84198,1.61225
1.02185,0.80388,1.19673,0.99386,0.70057,0.25655,0.28702,0.26201,0.54978,0.48338,0.60686,0.47883,0.57948,0.70272,0.66073,0.75502,0.63483,0.67031,0.93053,0.99630
-3.47112,-3.38828,-3.12750,-3.23474,-3.85672,-3.57541,-3.47703,-3.18765,-3.13001,-2.80887,-2.81833,-2.90075,-2.88441,-3.21904,-3.24908,-3.75971,-3.69543,-3.76366,-3.40740,-3.54200
2.25432,2.27748,2.37336,2.88558,3.11115,2.79126,2.37962,2.36825,2.57250,2.67516,2.09346,2.20618,2.36132,2.30217,2.37279,2.44180,2.39266,3.14837,3.14591,3.03472
9.52033,9.64137,9.86151,9.73365,9.46969,9.51260,9.82024,9.90502,9.82033,10.02337,10.19014,10.13697,9.66792,10.09630,9.55069,9.35120,9.01399,8.75246,9.22596,9.08088
1.40126,1.23127,1.44444,1.80288,2.01911,1.99351,2.21645,2.16539,2.07939,2.33469,1.86029,1.56433,1.41483,1.62411,1.56337,1.69083,1.77718,1.51164,1.78639,1.95400
2.66910,2.66530,2.54093,3.01469,3.22551,3.64081,3.90066,4.08238,3.67502,3.99369,4.13938,4.22448,4.42346,4.52696,4.95459,4.90679,5.21401,5.44001,5.18743,5.15763
0.94884,0.97070,1.10239,0.92635,0.67648,0.81249,0.66025,0.59871,0.74217,0.29706,0.50796,0.61731,0.68662,0.65228,0.78593,0.90463,1.08873,1.10580,0.99479,1.40866
0.87455,0.97982,0.96614,0.90309,0.81535,0.79440,0.79267,0.51558,0.40602,0.53763,0.53170,0.40538,0.38911,0.18674,0.24171,0.41474,0.49729,0.36295,0.30294,0.49493
3.86754,3.15019,2.57812,2.47812,2.47958,1.77643,1.88527,2.46525,2.81796,2.48600,2.30344,2.68546,2.74986,3.08594,3.21112,2.99493,3.41536,3.35807,3.38856,3.30309
-4.51918,-4.24937,-4.40783,-3.97601,-3.88928,-4.19983,-4.00878,-3.90013,-3.72384,-4.05136,-4.59648,-4.57203,-4.55484,-5.02543,-4.55769,-4.28606,-4.16579,-4.07638,-4.37134,-4.17390
5.67780,6.55454,6.70339,6.85081,6.77428,6.77944,7.19263,6.91151,6.68530,6.31872,6.29068,6.76927,7.13553,6.89298,7.13298,6.69453,6.47338,6.01147,5.84334,5.45986
0.63369,0.63289,0.78085,0.75818,1.00543,1.31687,1.32759,1.69460,1.46229,1.37330,1.14092,1.17144,1.32220,1.09349,1.10564,1.25105,1.26121,1.33258,1.21686,0.94989
-0.71130,-0.50453,-0.35761,-0.42260,-0.30594,-0.11078,-0.06248,-0.16937,0.05763,0.22200,0.87893,1.12101,1.16178,1.40758,1.48238,1.76080,1.25870,1.32690,1.51958,1.67045
-4.54496,-4.40323,-4.07983,-3.94179,-4.61746,-4.50617,-4.31792,-4.55946,-4.31126,-4.02178,-3.90471,-3.41532,-3.94665,-3.89077,-4.18404,-3.83759,-3.72583,-3.50968,-3.21944,-3.57246
0.15032,0.19624,0.26352,-0.13616,-0.33592,-0.11276,-0.01376,-0.21560,-0.24810,-0.15887,0.21153,0.02716,-0.20620,0.03685,-0.20310,-0.03533,-0.14195,-0.11903,-0.25769,-0.40451
-1.52344,-0.94937,-0.69078,-0.75865,-0.86903,-1.08561,-1.13587,-1.11103,-0.65962,-0.61570,-0.71016,-0.97230,-1.36340,-1.30471,-1.05909,-1.26706,-1.47865,-1.61006,-1.03621,-1.26052
1.33941,1.08259,1.16183,1.18937,1.01966,1.31652,1.15913,1.24214,1.30400,1.29965,1.27300,1.24243,1.38606,1.07762,1.10934,1.21654,1.25344,1.22388,0.89395,0.89593
0.74195,0.67210,0.36445,0.16675,0.21650,0.37464,0.74496,0.55057,0.66860,0.91772,0.57596,0.37215,0.45775,0.30847,0.27156,0.15042,-0.05397,0.04548,-0.06675,-0.01923
0.90188,0.95430,0.96210,1.42591,1.18122,1.02468,1.05924,0.97934,0.86703,0.57484,0.67572,0.65236,0.79904,0.70817,0.57305,0.32695,-0.02598,0.08127,-0.25166,-0.35920
1.14907,1.30931,1.51971,1.43293,1.23406,0.86686,0.75818,0.49996,0.45999,0.49242,0.23123,0.14333,0.23093,0.14951,0.19834,0.60359,0.79461,0.55214,0.74450,0.44166
-0.96510,-0.67424,-0.90240,-1.23659,-1.46022,-1.49958,-0.95771,-1.25308,-1.22766,-1.35177,-1.65524,-1.52092,-1.21283,-1.16064,-1.45008,-1.67460,-1.78275,-1.74371,-1.51382,-1.33729
6.13498,6.24830,5.94055,6.00086,5.76647,5.37065,5.67649,5.55537,5.73112,5.04317,4.90378,5.13105,5.09464,5.35509,5.51328,5.62822,5.84009,5.66590,5.55978,5.70648
3.39127,3.21967,3.02336,3.15161,3.21797,3.25686,3.35967,3.67989,3.43399,3.30396,2.98333,3.36649,3.28026,2.91862,3.44219,3.32979,3.43140,2.92072,2.69384,2.51156
1.13199,1.04018,1.28015,1.03049,1.23374,1.48877,1.56976,1.45687,1.76832,1.86691,1.95152,1.65493,1.52322,1.90841,1.88552,2.04852,2.04787,2.48113,2.56369,2.67243
-0.29014,-0.34685,-0.29345,0.11722,0.08320,0.45148,0.33717,0.23831,0.05534,0.28551,0.08803,0.10136,0.14520,0.21241,0.39768,0.63319,0.60130,0.79211,0.58453,0.38330
4.56842,4.58311,3.89026,3.77283,3.14945,3.24715,3.43003,3.30642,3.23313,3.01644,2.84010,2.81219,2.47277,3.11825,3.65221,4.12680,4.62021,4.51373,4.78552,3.95998
-0.06658,0.06459,0.46410,0.43306,0.53665,0.90864,1.03761,0.76648,1.03085,0.96088,1.18616,1.04879,0.89448,0.64368,0.61136,0.83366,0.85054,0.68594,0.74265,0.74615
0.49976,0.45256,0.51333,0.66146,0.57626,0.61436,0.70964,0.28523,0.55402,0.71039,0.58439,0.61997,0.65012,-0.00997,-0.24097,-0.30493,-0.33063,-0.28204,-0.22136,-0.21879
6.32095,6.59275,6.41305,6.64661,6.35080,6.77127,6.53757,6.27475,5.86146,5.77829,5.88269,5.97390,5.50091,5.24653,4.92039,4.68935,4.96675,4.85313,5.17099,5.10154
-1.36252,-1.20676,-1.14234,-1.03770,-1.68064,-2.19117,-2.09928,-2.26462,-2.42256,-2.05119,-1.63519,-1.60065,-1.65669,-1.17134,-1.54930,-1.20971,-1.06018,-0.86285,-1.08809,-1.53998
-1.03519,-0.91498,-1.02456,-1.10901,-0.78982,-1.16651,-1.36540,-1.32216,-1.43900,-1.49448,-1.26350,-1.20442,-1.47904,-1.08159,-0.95343,-1.03838,-1.49381,-1.21616,-1.16467,-0.92951
0.18656,0.38108,0.47058,0.17082,0.01040,0.28428,0.55186,0.53375,0.44119,0.80701,0.53645,0.65887,0.67675,0.50216,0.53382,0.42516,0.13355,0.16370,0.28785,0.15296
3.21367,3.76779,3.70888,4.34158,4.07063,3.95183,4.08065,3.80392,3.78262,3.40977,3.05800,3.05838,3.21197,3.13613,3.27773,3.76812,4.17165,4.56620,4.00320,4.09287
3.16743,3.00317,3.26825,3.87060,4.15410,4.03367,4.37607,4.10273,4.65183,4.65947,4.77082,5.22443,5.69609,6.04968,6.36449,6.02115,5.76576,5.55424,5.29055,5.04930
6.24394,5.76647,5.74931,5.07606,4.23792,3.76470,3.57373,4.07316,4.25011,4.25878,4.60048,4.58662,4.17417,4.14637,4.06613,4.38673,4.22501,4.32496,4.11237,4.58965
4.35625,4.45544,4.79703,4.71275,3.93947,4.74186,4.78401,4.67826,4.76874,4.82714,4.35322,4.18299,4.64269,4.77632,4.89889,5.21635,4.38972,4.09880,4.15290,4.31035
5.57301,5.72455,5.88985,5.60970,6.19617,6.12336,5.55844,5.62090,4.92926,4.64555,4.49082,5.00001,4.84177,4.77194,5.00290,4.48004,4.05788,3.97472,4.66142,4.62212
3.11394,3.27185,3.14492,2.90953,2.86456,2.71869,2.84436,3.11165,3.39909,3.00016,2.98526,2.97093,2.88398,2.87722,2.69127,2.77918,3.20093,3.02803,2.99049,2.61255
-0.91817,-0.81708,-0.94999,-0.83953,-1.15305,-0.96496,-1.06714,-1.26247,-1.07128,-0.84802,-0.78911,-0.89620,-0.71110,-0.93150,-1.00130,-0.92323,-0.80733,-0.59616,-0.84085,-1.20171
-1.19217,-1.25691,-1.32329,-1.08809,-1.06331,-1.14585,-1.15005,-0.91070,-0.88857,-0.60446,-0.41862,-0.52669,-0.48993,-0.62303,-0.43955,-0.63371,-0.26841,-0.20209,-0.01556,-0.30198
-0.93410,-1.17226,-1.52009,-1.65189,-1.37518,-1.51678,-1.28611,-1.54693,-1.56097,-1.92357,-1.47769,-1.40533,-1.64753,-1.90289,-1.47782,-1.68378,-1.62880,-1.51341,-2.03350,-2.08719
-1.69875,-2.05347,-2.01786,-2.10971,-1.69147,-1.58121,-1.54792,-1.67998,-1.56006,-1.48816,-1.70885,-1.52431,-2.06347,-1.78403,-1.75057,-1.70961,-1.61059,-1.34577,-1.28920,-1.26043
0.84329,0.84550,0.64161,0.69680,0.82967,0.80971,0.52006,0.56525,0.43273,0.42177,-0.08972,-0.07244,-0.61318,-0.55140,-0.36778,-0.10099,0.05600,-0.36313,-0.17409,0.43630
0.75341,0.75399,0.83800,0.81536,0.79182,0.59032,0.70952,0.70183,0.66719,0.20577,-0.01833,0.22174,-0.01179,-0.48174,-0.35766,-0.43314,-0.13226,-0.20122,-0.33682,-0.37591
-2.01010,-1.70960,-1.46376,-1.72039,-1.74986,-1.92292,-2.13844,-1.83970,-2.34643,-2.84389,-2.69224,-2.45911,-2.00251,-2.36062,-2.73168,-2.40781,-2.59600,-2.88882,-3.23596,-3.04765
-3.78711,-4.03930,-3.80317,-3.80048,-4.02535,-3.87612,-4.20668,-3.94685,-4.18114,-4.34065,-4.57333,-4.61846,-4.46067,-4.14922,-4.23171,-3.67195,-3.52422,-3.37699,-3.73932,-4.14829
-3.42563,-3.10828,-4.01758,-3.67508,-3.91421,-3.92412,-3.41573,-3.91602,-3.76877,-3.76301,-4.01471,-3.65032,-3.67799,-3.43551,-3.60016,-2.81333,-3.29187,-3.11383,-3.27657,-4.01252
-6.92154,-6.99966,-6.51036,-6.21960,-5.92857,-5.26433,-5.51743,-6.31159,-5.77993,-6.12777,-5.72031,-5.58199,-5.67845,-5.74170,-5.76805,-5.76680,-6.23821,-6.06253,-5.52971,-5.84693
-3.99332,-4.06190,-3.87351,-3.60965,-3.72477,-3.60494,-3.85839,-3.84486,-4.02772,-3.90942,-3.47947,-2.85869,-2.50186,-2.44013,-1.86829,-2.01303,-2.12881,-1.98158,-1.99625,-2.12646
-1.35883,-1.47545,-1.96102,-2.12579,-2.00124,-1.87402,-1.67203,-1.67894,-1.29261,-1.15596,-1.17610,-1.67711,-1.76768,-1.51167,-1.55015,-1.91051,-1.64190,-1.39321,-1.46649,-1.23248
-1.49174,-1.07831,-0.89400,-0.89346,-0.81953,-0.81252,-0.77085,-1.20422,-1.50345,-1.33907,-1.10899,-1.12172,-1.30015,-0.82842,-0.63002,-0.78527,-0.62502,-0.91942,-0.71355,-1.10435
-2.26359,-2.34019,-2.62787,-2.76610,-2.69898,-3.35539,-3.54611,-3.77866,-4.29703,-5.11516,-4.61790,-4.86922,-4.89588,-4.71829,-4.93499,-5.28257,-4.94469,-4.49730,-4.11183,-3.89697
-0.72962,-0.57782,-0.30418,0.05865,0.37824,0.63072,0.56871,0.75914,0.71672,0.43079,0.25632,-0.04111,-0.25946,-0.22946,-0.23767,0.09715,-0.08068,-0.09797,-0.26611,-0.34353
1.97232,2.07305,2.05084,2.30830,2.00955,1.53495,1.75818,1.76025,1.77094,1.36135,1.61655,1.84529,1.60471,1.47218,1.04970,0.76758,1.14726,0.95820,1.08133,1.55479
3.89992,3.51613,3.52776,3.26994,2.77493,2.69062,2.39983,2.06595,1.67742,1.80255,1.73411,1.23288,1.12045,1.06699,0.82699,0.91498,1.13285,1.01108,1.42117,1.31140
7.26159,7.23767,7.34174,7.45532,7.87443,7.68866,7.51530,7.60734,7.15880,7.08996,6.74091,6.65935,6.46855,5.91954,5.84066,6.15282,5.78657,5.73661,5.67334,5.49958
2.55368,2.42435,2.89607,2.34380,2.13102,2.10082,2.36251,2.63567,2.35008,2.43517,1.67326,2.06434,1.74265,1.76576,1.70652,1.89503,2.06044,2.01553,1.67971,1.93696
2.99398,3.17605,3.78683,3.18125,2.93533,3.21778,3.22732,3.63558,3.87449,3.60536,3.35453,3.60402,3.28400,3.49700,3.19800,2.63893,3.35733,3.59810,2.99882,3.00313
7.28272,7.30053,7.08617,7.12045,7.43906,7.36887,7.16586,7.24082,7.38254,7.03440,7.02050,7.13645,7.64404,7.38662,7.69127,7.75214,7.64877,8.59796,8.10242,8.35313
5.82638,5.99252,5.80322,5.28474,5.37127,5.22891,5.38572,4.91044,4.99366,4.75000,4.32962,4.46122,4.70623,4.87889,4.82427,4.49020,4.72681,5.12642,5.13208,5.01991
0.27082,0.36024,0.34287,0.34895,0.73573,0.73518,0.33835,0.35709,0.26413,0.22653,0.45381,0.78770,0.46354,0.61940,0.44183,0.44352,0.53194,0.38154,0.39731,-0.16583
1.88363,1.44420,1.37819,1.23957,1.50683,1.98654,1.70940,1.71761,1.94254,1.56752,1.85633,1.32524,1.73391,1.68015,1.57937,1.58605,1.67211,1.81143,1.59679,1.81151
4.69337,4.50514,4.45759,4.42923,4.80021,4.80082,4.54387,4.41736,4.11972,4.13488,3.86030,4.37545,4.63419,4.48010,4.67084,4.74956,4.77595,4.90679,4.93257,4.46835
-3.60613,-3.50840,-3.27990,-2.85363,-2.76708,-2.73998,-2.65125,-2.76817,-2.89628,-3.24313,-3.29926,-2.94158,-3.11220,-2.78715,-2.64352,-2.95536,-2.91117,-2.67254,-2.61045,-3.12535
-0.04372,0.05339,0.08011,0.34744,0.08775,0.19765,-0.01930,0.24931,0.60368,0.70497,0.50302,0.27649,0.26978,0.26101,0.24068,0.37744,0.63260,0.86409,0.41902,0.29511
-3.32297,-3.40407,-3.41899,-3.72934,-3.76420,-3.10824,-3.23262,-3.18675,-3.43718,-3.57258,-3.19031,-2.96093,-2.79041,-2.74964,-2.28571,-2.53648,-2.56840,-2.41666,-2.55427,-2.78799
1.08788,1.28703,1.46705,1.63681,1.38001,0.96165,0.62084,0.69800,0.78323,0.82911,0.82388,0.77584,0.58090,0.35778,0.25759,0.09133,0.00748,-0.33232,-0.34687,-0.53561
-1.81160,-1.68518,-1.74110,-1.84106,-1.97259,-1.62275,-1.46578,-1.38315,-1.60815,-1.40243,-1.27699,-1.18931,-1.43986,-1.25447,-1.08508,-1.02339,-1.35283,-1.24053,-1.36837,-1.30937
0.43963,0.05228,-0.28362,-0.25959,0.29573,0.30659,0.22422,0.20272,0.39734,0.42825,0.13842,0.11229,0.12549,-0.17131,-0.15784,-0.11890,-0.18304,0.24716,0.22574,0.27042
-2.93498,-3.07604,-3.39141,-3.64081,-3.84834,-4.09858,-3.86136,-3.75436,-3.85879,-4.08184,-4.02330,-3.70358,-3.47816,-3.93832,-3.15534,-3.14960,-2.92813,-3.66349,-3.22440,-3.16287
-2.49512,-2.26984,-2.52193,-2.81431,-2.45536,-2.15520,-2.46603,-2.86239,-3.01554,-3.42064,-3.56703,-3.54679,-3.90015,-3.97165,-4.39197,-4.23805,-4.24623,-4.10638,-3.70432,-4.06364
1.03842,1.37509,1.58633,1.91596,1.95053,2.13383,2.28687,2.66058,3.06373,2.93091,3.18662,3.29282,3.20164,2.92538,3.28114,3.18466,3.59239,2.99392,2.97630,3.30325
-4.59984,-4.44527,-4.34514,-3.79032,-3.62485,-3.90590,-3.64635,-2.88524,-3.16010,-3.55615,-3.54609,-3.09273,-2.85218,-2.85510,-3.06463,-3.19795,-2.96105,-2.58658,-2.30311,-2.25309
-0.88771,-1.56057,-1.58709,-1.30837,-0.97896,-1.70014,-1.95982,-1.79362,-1.96377,-1.43041,-1.59841,-1.44315,-1.50230,-1.32898,-1.38423,-1.56085,-1.49013,-1.30839,-1.12512,-1.34489
-1.30394,-1.47540,-1.80610,-2.11422,-2.13963,-2.29481,-2.02429,-2.34599,-2.40486,-2.17121,-1.74991,-1.48633,-0.87481,-0.90990,-0.88170,-1.27568,-1.18162,-1.25804,-1.04816,-1.09616
-2.23250,-2.26577,-2.14989,-2.12136,-2.40678,-1.64608,-1.94529,-2.02795,-2.31122,-2.26025,-1.98578,-1.90100,-1.60610,-1.75134,-2.04250,-2.44646,-2.08475,-2.57617,-2.76884,-2.87597
-1.51559,-1.09070,-1.45735,-1.33050,-1.00647,-1.29510,-1.25792,-1.12828,-1.37513,-1.39172,-1.72328,-1.82211,-1.85096,-1.67428,-1.46583,-1.39580,-1.43303,-1.60793,-1.64252,-1.25863
-6.28845,-6.48683,-6.08565,-5.98695,-6.00650,-6.39898,-6.34941,-6.34443,-6.53593,-7.04259,-7.29832,-7.54619,-7.24200,-6.97825,-7.10903,-6.74890,-6.99460,-6.56124,-6.79033,-6.80306
-1.13572,-0.96237,-1.53684,-1.51188,-1.79928,-1.70445,-1.42345,-1.88169,-1.78616,-2.09990,-2.78122,-2.96709,-3.04869,-3.23663,-3.17645,-3.01209,-2.47933,-2.43061,-2.51086,-2.45874
2.44445,2.45293,2.53132,2.42331,2.52726,2.86271,3.21684,2.94904,2.23380,2.15271,2.47073,2.11817,2.04824,2.06859,2.17680,2.42604,2.75371,2.88442,2.90587,2.77548
-3.02683,-2.97663,-2.92224,-3.46039,-3.69219,-4.03717,-3.87811,-3.83811,-3.85249,-4.19380,-4.10723,-4.46696,-4.74224,-4.89164,-4.94572,-4.64200,-4.78395,-4.59681,-4.87313,-4.94847
0.79814,0.35421,0.30696,-0.08896,-0.58755,-0.52997,-0.63891,-0.36985,-0.32903,-0.54686,-0.49030,-0.71960,-0.41973,-0.35955,-0.24702,-0.11602,0.36318,0.75126,0.84502,0.90002
2.82297,2.40717,2.40211,2.42238,2.16431,1.85314,1.07287,1.01625,1.41558,1.48307,1.70556,1.65109,1.61667,1.29300,1.24915,1.00583,0.99009,0.94800,1.47634,1.23739
-0.58111,-0.52802,-0.92772,-0.59285,-0.33849,-0.15256,-0.22210,-0.10243,-0.36776,-0.48914,-0.51126,-0.64351,-0.84812,-0.86441,-0.86148,-0.40982,-0.48203,-0.69214,-0.58443,-0.60119
5.69103,5.32173,5.35742,5.33186,5.20642,4.55668,4.46173,4.35934,4.50095,4.16427,3.59661,3.64677,3.31715,3.33837,3.42031,3.57885,3.13247,3.24301,3.33258,3.21284
0.04695,-0.08977,0.00313,0.37151,-0.07152,-0.24650,-0.47099,-0.60704,-0.52758,-0.72324,-0.76709,-1.03180,-1.24659,-1.05946,-0.87173,-0.84527,-1.14907,-1.18752,-1.17595,-1.07197
-1.79129,-1.63919,-1.86931,-1.78323,-1.73507,-1.58508,-1.97746,-1.88808,-2.68351,-2.19972,-2.50445,-2.25172,-2.65313,-2.44089,-2.71669,-1.80765,-1.41968,-1.19763,-0.97597,-0.87881
3.26737,3.96698,4.28855,4.24544,4.62878,4.70393,5.01097,4.47625,4.43787,3.83917,3.98301,3.83795,4.27608,4.11424,4.25432,4.30614,4.58591,4.60452,4.44441,4.14349
-1.12010,-1.03316,-0.93446,-1.00418,-1.23867,-1.38882,-0.89246,-1.21973,-1.54936,-1.47414,-1.72141,-2.05834,-1.97276,-2.06940,-2.17244,-2.03961,-1.79118,-1.09460,-1.00140,-1.06046
2.13102,2.74450,2.73082,2.46503,2.41678,2.72824,2.79323,2.46042,2.22857,2.09670,1.98143,1.72410,2.54070,2.48249,2.98145,2.54481,3.29289,3.54986,3.52002,3.38743
1.06037,1.14847,1.23665,1.18737,1.29575,1.29661,1.36121,1.07352,1.31174,1.11862,0.94589,0.73846,0.86332,0.55342,0.33384,0.52232,0.63476,0.56920,0.71654,0.45971
-1.31638,-1.53337,-1.79706,-2.14899,-2.24780,-2.50789,-2.78025,-2.89393,-2.96207,-2.99849,-3.14527,-3.42978,-3.31304,-3.80206,-3.70515,-3.96231,-3.73491,-3.75533,-4.14663,-4.26561
1.47214,1.19954,0.98740,0.85718,0.95400,0.92476,1.01993,0.56390,0.97343,0.88866,1.05979,1.10711,1.20191,1.38257,1.44714,1.27686,1.40910,1.60437,1.82357,1.97107
1.99094,2.00121,2.66335,2.65651,2.90802,3.22644,3.06612,3.15982,2.82849,2.65276,2.51216,2.40920,1.89109,1.95043,1.38054,1.41856,1.57678,1.27624,1.68778,1.45671
-0.46028,-0.37930,-0.17598,-0.62328,-0.51310,-0.35425,-0.17119,-0.44136,-0.35833,-0.66126,-0.59795,-0.96596,-1.20414,-1.94244,-1.75773,-1.19633,-1.34627,-1.75769,-1.75279,-1.86539
0.13518,0.18361,0.12571,0.22563,0.08975,0.19485,-0.28218,-0.14256,0.04808,0.23467,0.74122,0.63736,1.08234,1.33648,1.38044,1.11048,1.25033,1.03868,0.96372,0.83543
-1.29518,-1.21914,-1.55407,-1.48070,-1.56886,-1.80408,-1.55710,-1.25006,-1.64240,-1.16044,-1.25661,-0.70154,-0.78646,-0.69486,-0.20109,-0.02671,-0.21247,-0.04021,-0.20244,-0.73553
-1.74209,-1.37725,-1.19335,-0.92375,-1.21001,-1.13824,-1.04088,-1.01318,-1.20275,-1.60312,-2.01902,-2.04031,-2.30271,-2.27273,-2.25900,-1.79272,-1.31619,-1.49638,-1.49897,-1.33571
0.53180,0.70354,0.33163,0.46742,0.52938,1.10373,0.82753,0.27134,-0.06722,-0.12302,-0.20389,-0.40149,-0.54126,-0.18466,-0.31723,-0.34404,-0.19618,-0.10291,-0.29614,0.19833
-2.47321,-1.84645,-1.58267,-1.22972,-1.10865,-1.59288,-1.70363,-1.35774,-1.21404,-1.07922,-1.11625,-1.49558,-1.55287,-1.48493,-1.69396,-1.66768,-1.95203,-1.83341,-1.29094,-1.11295
-0.87935,-0.87536,-1.02266,-1.06301,-1.35625,-0.97672,-1.20131,-1.17219,-1.19882,-1.48745,-1.16215,-1.13801,-1.23685,-1.51141,-1.52009,-1.16185,-1.26232,-1.20922,-1.08585,-1.23530
-4.30569,-4.43226,-4.34427,-4.42888,-4.34986,-4.53468,-5.02282,-5.32088,-5.60622,-5.75519,-5.79865,-6.14740,-5.83959,-5.83058,-5.33702,-5.26466,-5.53821,-5.42857,-4.99643,-5.08132
-2.72486,-2.68683,-3.11185,-2.60558,-2.59498,-2.54559,-2.46211,-2.95595,-3.07144,-2.61461,-2.19679,-2.47055,-3.04596,-3.15887,-2.73296,-2.92975,-3.20177,-3.00834,-3.11776,-3.18895
-1.70752,-1.70710,-1.87726,-1.78954,-1.89343,-2.18870,-2.32784,-3.01823,-3.39565,-3.82270,-4.15961,-4.61903,-4.51754,-4.70160,-4.34121,-4.39455,-4.19414,-4.62987,-4.91944,-4.13628
-0.83606,-0.84092,-0.76279,-1.15167,-1.14546,-1.31884,-1.43896,-0.84591,-1.06633,-1.47052,-1.60768,-1.32316,-2.04879,-1.66283,-1.79608,-1.68245,-1.49773,-1.70861,-1.52371,-1.41884
-4.29281,-3.92122,-3.87714,-4.20146,-3.69160,-3.46851,-2.97775,-2.79470,-2.74379,-2.57668,-2.26148,-2.31303,-2.24965,-2.46746,-2.56202,-2.42902,-2.61148,-2.27472,-2.51096,-2.39888
0.32775,0.50665,0.80418,1.15756,0.99106,1.24984,0.87667,1.14119,1.31157,1.37833,1.10908,1.28090,1.10030,1.01211,0.97195,0.88454,0.84394,0.79982,0.75372,0.48057
5.88116,5.73569,5.85212,6.56744,6.35757,6.28562,6.15666,6.36144,6.68302,6.95274,6.49661,6.62832,6.76248,6.66778,7.11510,6.72418,6.55602,6.44448,6.90450,6.54388
3.08080,3.34034,3.43245,3.32938,3.14332,2.76554,2.56648,2.36245,2.39123,2.38335,2.98916,3.45709,2.89917,2.11296,2.28689,2.38703,2.56725,2.74287,2.99286,3.67187
-0.91710,-0.90499,-0.98246,-1.58241,-1.49400,-1.30380,-1.19659,-1.55681,-1.26439,-1.01094,-0.69369,-0.21018,-0.06240,-0.37834,-0.15257,-0.56133,-0.49316,-0.89391,-0.58106,-0.02031
-3.97310,-3.88125,-3.95455,-3.72906,-2.67077,-2.45693,-2.76388,-2.57973,-2.90614,-2.85851,-2.82552,-3.04319,-2.97862,-3.26510,-3.04794,-2.32395,-2.41876,-2.65866,-2.43078,-2.40900
-2.85879,-3.15123,-3.42688,-3.31682,-3.03568,-2.73359,-2.41429,-2.70304,-2.91847,-2.62900,-3.03621,-2.56905,-2.35564,-2.48744,-2.35234,-2.22976,-1.97013,-2.25128,-2.51461,-2.11784
4.23860,4.38315,4.41969,4.20791,4.61950,5.11467,5.44458,5.85451,5.40695,5.59346,6.15192,5.74256,5.76897,5.48974,5.29222,5.61701,5.10027,4.77384,4.42303,4.44799
1.35953,1.39842,1.38907,1.13429,0.94057,0.97514,0.68131,0.77577,0.71992,0.76286,0.49141,0.17082,0.12213,0.35426,0.50453,0.42165,0.26310,0.03103,-0.00049,0.13502
0.64784,0.62026,0.54201,0.17934,0.24244,0.14159,0.19471,0.10287,0.39323,0.48166,0.82041,0.78071,0.78559,1.08173,1.31115,1.04235,1.34071,1.35793,1.38929,0.80957
1.91658,1.59139,1.63579,1.05763,1.12877,1.04364,0.79940,0.57130,0.43018,0.07491,-0.12351,0.56863,0.49754,0.24887,0.37857,0.52336,0.64756,0.80829,0.70457,0.74098
3.52425,3.81119,3.45093,3.34675,3.53157,3.24600,2.95645,2.21220,2.29791,2.47716,2.51649,2.04572,1.83117,2.17574,2.30151,2.77720,2.75411,2.87570,2.58512,2.69950
-2.45554,-2.88114,-3.42213,-3.22835,-3.22302,-2.54555,-2.61195,-2.55348,-2.32392,-2.41561,-2.77881,-2.58575,-2.48327,-2.24780,-1.85137,-2.21838,-2.34259,-2.48755,-2.58644,-2.14149
-1.91272,-1.66783,-1.86801,-1.61366,-1.58725,-1.80276,-1.98796,-2.03400,-2.17024,-2.23541,-2.38808,-2.64521,-2.44867,-2.36958,-2.52425,-2.64845,-2.48505,-2.39712,-2.45200,-2.24902
-1.31389,-1.19776,-0.97835,-0.99001,-1.14926,-1.69680,-1.47747,-1.15438,-1.18204,-0.98809,-1.29114,-1.20672,-1.54295,-1.64857,-1.41545,-1.42238,-1.29091,-1.50762,-1.58430,-2.02728
1.39324,1.37357,1.60796,1.43158,1.59761,1.55915,0.90154,0.88160,1.03739,1.24935,1.40400,1.25400,1.66053,1.87030,2.03047,2.09704,2.10854,1.92407,1.57311,1.64316
-0.07216,-0.22871,-0.19795,-0.15277,-0.29245,-0.40881,-0.10741,0.29235,0.65267,0.55230,0.51668,0.32862,0.37510,0.48888,0.54710,0.73530,0.83742,0.85987,0.94302,1.09986
5.07857,5.27044,5.02260,4.54721,4.50146,5.52616,5.83336,5.89609,6.03085,6.41163,6.19153,6.12768,6.04679,5.90976,6.20282,6.32149,6.23860,6.28748,5.98550,5.97068
5.90789,6.13479,6.14779,6.00657,5.34667,5.02487,5.27076,4.94558,5.51733,5.69610,5.32190,5.34531,4.98024,4.86135,4.89427,5.28953,4.80726,5.31231,5.46045,5.28260
0.36529,0.27100,0.26089,0.38119,0.07509,0.26853,0.38625,0.62807,0.66244,0.95816,1.03564,1.22109,1.17753,1.30175,1.07315,0.94534,1.06299,0.96515,0.83210,0.69533
-3.23848,-3.42610,-3.74088,-3.34670,-2.86697,-3.58575,-4.01050,-4.43824,-4.33612,-3.67788,-3.20609,-2.75254,-2.66784,-3.39471,-3.39991,-3.80261,-4.00805,-3.45588,-3.21809,-2.69375
1.16369,1.12738,1.08990,1.10232,1.05187,0.90225,0.88416,0.96089,1.10535,0.95943,1.05787,1.05390,1.03935,1.51015,1.23977,0.96599,1.06997,0.96133,0.98760,1.01772
1.40398,1.33113,1.16728,1.10526,0.94748,1.02752,1.25350,1.10187,1.30293,1.54281,2.14985,2.20956,2.57186,2.50022,2.17587,2.01976,1.91459,1.19272,1.51765,1.74720
4.49612,4.21807,3.99220,3.90478,4.09446,4.08730,4.24017,4.16440,4.52340,4.54360,4.63461,4.59647,4.37855,4.14022,4.21022,4.27850,4.05537,4.47184,4.27643,4.56016
-0.75367,-0.72435,-0.28920,-0.53531,-0.61624,-0.26119,-0.49808,-0.44004,-0.55250,-0.33388,-0.30774,-0.06078,-0.06631,0.35993,0.54012,0.21890,0.44295,0.38512,0.31622,0.08322
0.75568,0.77874,0.59867,0.37060,0.04391,0.04580,0.19362,0.26512,0.08375,0.26897,0.02010,0.03878,-0.02520,0.20597,0.29302,0.34648,0.68004,1.00423,0.81184,1.30626
7.70500,7.26376,7.43413,7.85020,7.74490,7.85818,7.82624,8.24033,8.34251,8.55163,8.16072,7.60363,7.01001,6.50431,6.30924,6.31484,6.21276,6.54515,6.69761,6.88415
1.60953,1.12507,1.35771,1.53422,1.65321,1.26542,1.16732,1.09405,1.00289,1.11468,1.41744,1.50885,2.15427,2.82194,2.39081,2.24859,2.36894,2.01573,2.82977,3.14374
3.29604,3.46239,3.51771,4.00999,4.27082,4.11360,3.90007,3.80537,4.42247,4.20143,4.11914,4.24184,4.71615,4.49009,4.60789,4.74258,4.49407,4.09010,4.24818,4.12395
-1.03980,-0.89607,-0.81831,-0.76637,-1.11764,-0.94244,-1.21830,-1.25929,-1.52584,-1.56482,-1.43829,-1.43611,-1.19782,-1.13304,-1.62453,-2.12911,-1.67372,-1.62501,-1.66194,-1.67719
1.25257,1.03178,1.01561,1.05743,0.90179,0.60110,0.86244,0.90945,0.88832,0.88358,0.92987,1.07502,0.94045,1.07231,1.30517,0.92593,1.18430,1.57528,1.42337,1.25330
2.61555,2.74405,2.52748,2.41419,2.63281,2.67097,2.67832,3.13506,3.44976,3.22778,3.06612,3.01873,2.92797,3.08809,2.96995,2.93100,2.90310,3.05125,2.71875,2.53728
-2.81725,-2.72299,-2.76861,-2.68500,-2.96595,-2.65065,-1.87403,-1.31239,-1.74421,-1.56773,-1.68973,-1.94522,-1.99573,-1.79512,-2.01893,-1.88618,-2.17290,-2.23583,-2.18013,-2.04758
-1.31265,-1.20529,-1.05818,-0.76921,-0.88890,-0.81845,-0.85139,-0.70218,-0.56853,-0.04656,0.18631,0.11238,0.69742,0.87031,0.65833,0.43653,0.53403,0.50394,0.07105,-0.53224
-1.27661,-1.39255,-1.28842,-1.89509,-2.32416,-2.70074,-3.24362,-3.11396,-3.09846,-2.63643,-3.07210,-2.67823,-2.08514,-1.51228,-1.70309,-1.78188,-1.62542,-1.56140,-1.17979,-1.22671
-3.11824,-3.44016,-3.65972,-3.70206,-4.47028,-4.50911,-5.12737,-5.31096,-5.50761,-5.27791,-5.34097,-5.37797,-5.57275,-4.95824,-4.87171,-4.77099,-4.88470,-4.51208,-4.56220,-5.11614
-7.62022,-7.45335,-7.20310,-6.93670,-6.33466,-6.98316,-7.09627,-6.95434,-6.73626,-6.42303,-6.54247,-6.88175,-7.11153,-7.35708,-7.37229,-7.13539,-7.21056,-7.09669,-6.92198,-7.24427
-1.86563,-2.39209,-2.64511,-3.16556,-3.31125,-2.92217,-3.17601,-2.83173,-3.18912,-3.16481,-3.23647,-3.53399,-3.43321,-3.65740,-3.84433,-3.55065,-3.45444,-3.90576,-4.18447,-4.06380
-0.69078,-0.58054,-1.07565,-1.12424,-1.02370,-0.82968,-0.81969,-0.83077,-0.79656,-0.94283,-0.76863,-0.86626,-0.58352,-0.70682,-0.82352,-0.71425,-0.81054,-0.87456,-0.65742,-0.92252
-5.97862,-5.67943,-5.21768,-5.11014,-5.45451,-5.26774,-5.40862,-5.61084,-5.65112,-5.58353,-5.84096,-5.60112,-5.34679,-5.98235,-6.21120,-6.15323,-5.61848,-5.16082,-5.24432,-4.97765
-1.80950,-1.49731,-1.03181,-0.74272,-0.46720,-0.44895,-0.30110,-0.35225,-0.14192,-0.14839,-0.06704,-0.18215,-0.17381,-0.56270,-0.87046,-0.92987,-0.88618,-1.03168,-0.96788,-0.90383
-5.32499,-5.56292,-5.65731,-5.55455,-5.54271,-5.74272,-5.60222,-5.84787,-5.39165,-5.37651,-5.47955,-5.62698,-5.68643,-5.68953,-5.28191,-5.56172,-6.05034,-6.20692,-5.86744,-5.67937
-3.44934,-3.54192,-3.07981,-3.17714,-3.25815,-3.58769,-3.89556,-3.43340,-3.32259,-3.30739,-3.54692,-3.33336,-3.43477,-3.58971,-3.66429,-3.89222,-3.49271,-3.24695,-3.03893,-3.09324
-0.48153,-0.39618,-0.50805,-0.40175,-0.53191,-0.36419,-0.72525,-0.61487,-0.24087,-0.55732,-0.60956,-0.31222,-0.40871,-0.42305,-0.51544,-0.60824,-0.56715,-0.44286,-0.53480,-0.27650
-3.37926,-3.49614,-3.36299,-3.15634,-3.02819,-2.85592,-2.85706,-2.76436,-2.74353,-2.87357,-2.81550,-2.64805,-2.74524,-2.73850,-2.55160,-2.50451,-2.96204,-3.08178,-2.98755,-3.50502
-7.17729,-6.85010,-6.70085,-6.64281,-7.07481,-6.67006,-6.09936,-5.46453,-4.51162,-4.40466,-5.11615,-5.49075,-5.98423,-5.78927,-5.78608,-5.23142,-5.18745,-5.10972,-5.23375,-5.10812
0.51055,0.63661,0.47030,0.31160,0.35291,0.06320,-0.05217,-0.43211,-0.11322,-0.33617,-0.19586,-0.78687,-0.82688,-0.88507,-0.74365,-1.15089,-1.16536,-1.26693,-1.11659,-1.15451
-0.27435,-0.25131,-0.42730,-0.00309,-0.01328,-0.01219,-0.59928,-0.58548,-0.51576,-0.50597,-0.49958,-0.16763,0.05375,0.19674,0.31431,0.35863,0.32332,0.46879,0.57217,0.18305
-1.54415,-1.55431,-1.00274,-1.06162,-0.94003,-0.87935,-0.88536,-0.80226,-0.95262,-0.85470,-0.88947,-0.83612,-0.72143,-0.66292,-0.72797,-0.84570,-0.98106,-1.10551,-1.18019,-0.93820
-4.29350,-4.00130,-4.23594,-4.51230,-4.68361,-4.99871,-4.84146,-5.17470,-4.64966,-4.90657,-4.72114,-4.66495,-4.47074,-3.47902,-3.23837,-3.75134,-3.32877,-3.23962,-3.15227,-3.10305
-3.09609,-3.14603,-2.95062,-3.12400,-3.37558,-3.44204,-3.22244,-3.97442,-4.14908,-5.12549,-4.95436,-4.73310,-4.95848,-5.48830,-5.42147,-5.44630,-4.95045,-4.63658,-4.50753,-4.03615
-6.36849,-5.30308,-5.34430,-5.37371,-5.14542,-5.11734,-4.55429,-4.74424,-5.07067,-5.16987,-5.40467,-4.86628,-5.06442,-5.00316,-5.09801,-5.26223,-5.17249,-5.38468,-5.62971,-5.75154
4.25505,3.92274,4.02627,4.32836,4.50407,4.92194,5.35251,5.26896,5.39437,5.09550,5.22204,5.51066,5.65761,5.50724,5.21900,4.69496,4.02707,3.64153,3.14331,3.76064
3.54780,3.83942,4.22266,3.66664,2.94050,2.99894,3.49119,3.07647,2.97921,3.02839,2.84833,2.94461,3.12880,2.76226,2.59223,2.50501,2.36118,2.25850,1.97493,1.97531
0.31573,-0.12482,0.13567,-0.03422,-0.09332,0.12256,0.27315,0.43146,0.68249,0.47064,0.44821,0.69386,0.90609,0.97326,0.81607,0.79896,1.06036,1.16662,1.00018,0.58603
4.24716,4.25154,4.89000,4.25614,3.44852,3.64063,3.77050,3.69749,3.85789,4.22713,4.55130,4.69470,4.18436,4.34463,4.26948,4.56931,4.06111,4.14797,4.43400,4.23296
-3.12723,-3.17874,-3.13201,-3.44219,-3.82775,-3.92552,-4.15529,-3.77590,-3.98479,-3.78495,-4.19084,-4.05212,-4.14300,-4.04327,-4.37043,-4.22921,-4.12552,-3.86756,-3.80147,-3.91359
3.03057,3.07869,2.81882,2.39048,2.42206,2.71693,2.63482,2.87698,3.36420,3.41703,3.33870,2.66419,2.74849,2.55092,2.59676,2.46995,2.31354,2.22104,1.56029,1.55537
0.41967,0.29749,0.38676,0.74233,0.48693,0.52948,0.92576,0.94499,1.00988,0.57313,0.37271,0.25466,0.30281,0.26217,0.03987,0.16427,0.15767,-0.18241,-0.26010,-0.50770
0.85931,0.90014,1.25236,1.30898,1.35651,1.39520,1.54030,1.34657,1.52303,2.39463,2.24574,2.18557,2.45163,2.02746,1.81012,1.78310,1.31328,1.30391,1.48105,1.70788
