0.17698,0.17818,0.17814,0.17634,0.18551,0.18892,0.18267,0.18036,0.17766,0.17061,0.17028,0.17028,0.17058,0.16575,0.16575,0.16000,0.16000,0.15656,0.15053,0.15955
0.14152,0.14356,0.14198,0.14198,0.14198,0.14198,0.13947,0.13947,0.14174,0.14293,0.14293,0.15409,0.15282,0.15282,0.15304,0.15304,0.15304,0.15041,0.15108,0.15108
0.12992,0.13194,0.13136,0.13136,0.13136,0.13197,0.13888,0.13888,0.13479,0.13491,0.13491,0.13412,0.13145,0.13137,0.13156,0.13156,0.13156,0.13311,0.13311,0.12761
0.15637,0.15637,0.15206,0.15502,0.14606,0.14606,0.14468,0.13950,0.14013,0.14013,0.13324,0.13774,0.14046,0.13908,0.13873,0.13873,0.13873,0.13554,0.13554,0.14209
0.19030,0.18946,0.19597,0.19646,0.20184,0.20184,0.19184,0.19422,0.18974,0.18974,0.16978,0.16987,0.16782,0.18078,0.18078,0.17823,0.17823,0.18150,0.18631,0.18361
0.17758,0.17621,0.16900,0.17034,0.17034,0.16661,0.16661,0.16245,0.16208,0.16284,0.16431,0.16428,0.16312,0.16312,0.16266,0.16283,0.16505,0.16505,0.16649,0.17454
0.30083,0.31031,0.31987,0.32805,0.33322,0.30702,0.29391,0.28506,0.29094,0.31920,0.31752,0.34021,0.33502,0.33578,0.33947,0.31941,0.34604,0.36026,0.32086,0.31281
0.15115,0.14693,0.14693,0.14693,0.14900,0.14900,0.14798,0.14186,0.14004,0.14129,0.14129,0.14134,0.14346,0.14415,0.14733,0.15073,0.15909,0.15493,0.15769,0.15089
0.19573,0.19573,0.19038,0.18056,0.18056,0.17426,0.17426,0.16682,0.16019,0.16019,0.15030,0.15030,0.15558,0.15364,0.15293,0.15691,0.15740,0.15170,0.15170,0.15166
0.19032,0.18889,0.18452,0.17953,0.18272,0.19777,0.19777,0.18923,0.19072,0.18393,0.18521,0.18967,0.18967,0.19606,0.19606,0.20990,0.20395,0.21024,0.21024,0.21113
0.14249,0.14458,0.13764,0.13452,0.13491,0.13305,0.13562,0.13570,0.13570,0.13116,0.13151,0.13125,0.12714,0.12714,0.12714,0.12714,0.12668,0.12498,0.12498,0.12498
0.81416,0.81004,0.79931,0.79931,0.80770,0.80283,0.81357,0.81044,0.80863,0.80863,0.81032,0.80581,0.81068,0.80866,0.81475,0.81717,0.81717,0.81298,0.81124,0.81946
0.18527,0.18363,0.17478,0.17138,0.17579,0.17588,0.17384,0.17384,0.17412,0.17494,0.17780,0.17327,0.17327,0.17335,0.17343,0.16744,0.15976,0.15851,0.15851,0.15781
0.19502,0.18863,0.18863,0.19086,0.19086,0.19121,0.19100,0.18483,0.18854,0.19106,0.19106,0.20468,0.20675,0.21140,0.21140,0.20453,0.19944,0.19832,0.20032,0.20139
0.17230,0.17230,0.16590,0.16590,0.17141,0.17141,0.17141,0.17382,0.17519,0.17641,0.17750,0.18024,0.18720,0.19122,0.18775,0.20365,0.21636,0.22201,0.21575,0.22167
0.12476,0.12476,0.12476,0.12480,0.12480,0.12098,0.12424,0.12881,0.12665,0.12669,0.12493,0.12493,0.12493,0.12438,0.12438,0.12182,0.12530,0.12435,0.12439,0.12439
0.85766,0.85427,0.85430,0.84934,0.84875,0.84875,0.84847,0.84569,0.84569,0.84500,0.84500,0.84357,0.84357,0.84357,0.85201,0.85514,0.85242,0.85242,0.85167,0.85167
0.71831,0.70272,0.69741,0.67425,0.70991,0.71313,0.71255,0.69942,0.71946,0.72738,0.73515,0.73437,0.73820,0.71625,0.71767,0.69693,0.69859,0.64588,0.66450,0.66458
0.55835,0.51525,0.51841,0.50243,0.52729,0.57416,0.57946,0.56272,0.58085,0.54487,0.55794,0.55794,0.56923,0.57644,0.57810,0.55043,0.54559,0.55641,0.54884,0.60563
0.68480,0.69361,0.70064,0.70864,0.70871,0.72957,0.73514,0.74059,0.74807,0.74637,0.73256,0.72186,0.73366,0.72270,0.73634,0.73634,0.73634,0.67304,0.66142,0.67877
0.37021,0.37969,0.36918,0.36449,0.36042,0.34685,0.32704,0.34841,0.35334,0.39509,0.38521,0.38398,0.38248,0.36116,0.33602,0.33101,0.34960,0.38602,0.39292,0.37653
0.58479,0.60235,0.64125,0.60704,0.54485,0.55912,0.53636,0.50093,0.54652,0.56944,0.56521,0.62044,0.62438,0.59414,0.58021,0.57776,0.59184,0.64830,0.65846,0.65832
0.35556,0.38251,0.37134,0.36653,0.37638,0.35793,0.39735,0.38131,0.39076,0.38897,0.40310,0.39572,0.42418,0.40740,0.40919,0.42870,0.43373,0.42289,0.42262,0.46567
0.32745,0.32746,0.31001,0.31162,0.30769,0.30775,0.30704,0.29173,0.25317,0.25991,0.26917,0.25459,0.25134,0.24736,0.24723,0.26743,0.26069,0.26859,0.27030,0.27187
0.52725,0.52273,0.50280,0.50079,0.50562,0.48849,0.46884,0.46516,0.45149,0.46361,0.46674,0.43925,0.47257,0.49390,0.49154,0.47597,0.45480,0.47437,0.48991,0.44977
0.36446,0.38369,0.38314,0.37242,0.36524,0.33913,0.33159,0.33588,0.33139,0.33372,0.33419,0.35652,0.36285,0.37654,0.35629,0.35629,0.36877,0.35562,0.36635,0.37211
0.46540,0.45833,0.50146,0.49097,0.48960,0.49093,0.43677,0.42506,0.43292,0.43751,0.43867,0.45164,0.49066,0.45123,0.45502,0.46606,0.45353,0.44529,0.45509,0.45472
0.43168,0.39665,0.40202,0.37112,0.35429,0.34768,0.35103,0.33875,0.32135,0.31588,0.29983,0.29983,0.32408,0.31888,0.31588,0.34130,0.31508,0.32527,0.32072,0.33610
0.43937,0.42315,0.43140,0.43322,0.45095,0.43261,0.44410,0.42762,0.40460,0.37807,0.37395,0.38574,0.39749,0.39317,0.38951,0.38152,0.37424,0.38074,0.38119,0.38922
0.49201,0.50377,0.48186,0.48969,0.49229,0.50256,0.50256,0.52708,0.48963,0.47932,0.51387,0.52296,0.53589,0.53623,0.52360,0.54717,0.50539,0.50771,0.48139,0.49746
0.46851,0.46824,0.46563,0.45834,0.45638,0.45281,0.46115,0.42940,0.42214,0.43815,0.46315,0.47755,0.48767,0.50420,0.50740,0.52035,0.51015,0.50981,0.52348,0.47618
0.51229,0.50000,0.50772,0.54253,0.51268,0.51002,0.55877,0.54775,0.54775,0.51734,0.50383,0.51293,0.49717,0.51287,0.51463,0.56592,0.54568,0.55496,0.50748,0.48146
0.45398,0.45137,0.46494,0.42197,0.41072,0.38344,0.38432,0.38432,0.38586,0.36948,0.39192,0.38345,0.38922,0.38186,0.39094,0.45053,0.44890,0.44904,0.46554,0.48082
0.40267,0.41925,0.40434,0.39345,0.42343,0.42317,0.42809,0.49703,0.44750,0.43777,0.38789,0.38081,0.38192,0.35380,0.32009,0.31354,0.33026,0.32833,0.32611,0.31370
0.37365,0.35962,0.36969,0.40029,0.40381,0.36746,0.38481,0.41483,0.41677,0.43035,0.44168,0.40198,0.41409,0.40125,0.41251,0.40532,0.40283,0.40199,0.40698,0.42543
0.34817,0.34014,0.34509,0.31902,0.32311,0.33431,0.32123,0.33102,0.32917,0.33041,0.33202,0.33180,0.33725,0.35087,0.32146,0.35339,0.33144,0.35021,0.37156,0.30923
0.57431,0.51631,0.48105,0.48915,0.49219,0.54786,0.57137,0.49527,0.50588,0.48881,0.50250,0.53574,0.51880,0.51037,0.52859,0.52231,0.51178,0.49331,0.45936,0.46812
0.32862,0.33401,0.33073,0.36031,0.33203,0.30942,0.28753,0.27208,0.27208,0.27392,0.29957,0.28569,0.28569,0.30756,0.29926,0.32389,0.32040,0.32006,0.34088,0.33871
0.40125,0.38981,0.35911,0.36759,0.39053,0.37017,0.37293,0.38839,0.39162,0.38174,0.40117,0.35789,0.34078,0.32975,0.34153,0.33980,0.33980,0.35503,0.35860,0.34140
0.30553,0.28485,0.29332,0.31686,0.32895,0.33246,0.33795,0.31418,0.30959,0.31177,0.30827,0.32330,0.31785,0.32434,0.32134,0.35980,0.34806,0.34383,0.35521,0.35988
0.47520,0.43659,0.40290,0.40290,0.42937,0.41907,0.41919,0.43203,0.44919,0.42682,0.37604,0.37990,0.38781,0.39084,0.39398,0.37262,0.39259,0.39465,0.39569,0.38143
0.42062,0.45635,0.41610,0.37860,0.38277,0.37387,0.39328,0.37703,0.35802,0.34769,0.35333,0.36007,0.36419,0.37386,0.37488,0.38630,0.38288,0.36674,0.38680,0.38398
0.33304,0.33130,0.33831,0.33740,0.34565,0.34961,0.33580,0.36812,0.35307,0.33930,0.34632,0.34650,0.34866,0.35997,0.36127,0.37930,0.38855,0.41913,0.41913,0.40223
0.33109,0.32524,0.32524,0.33769,0.34370,0.37431,0.38826,0.38612,0.38846,0.38113,0.37030,0.38468,0.39051,0.40604,0.40612,0.39244,0.39244,0.41008,0.41335,0.41443
0.35878,0.38593,0.38175,0.36325,0.34655,0.34831,0.31748,0.32423,0.32575,0.33219,0.33281,0.32499,0.34086,0.34941,0.37931,0.33072,0.32810,0.35237,0.34560,0.34191
0.46484,0.46177,0.44211,0.38359,0.38400,0.41614,0.38934,0.38734,0.40546,0.36612,0.34502,0.31351,0.28293,0.29396,0.30175,0.30619,0.31140,0.30900,0.30520,0.30088
0.36029,0.35618,0.33747,0.35350,0.33194,0.33508,0.34301,0.33679,0.33500,0.34846,0.37242,0.38374,0.35532,0.31710,0.34575,0.35113,0.33311,0.34392,0.37492,0.37181
0.31576,0.37025,0.37417,0.36415,0.33460,0.39211,0.42996,0.43038,0.44986,0.44168,0.42727,0.41507,0.41547,0.41803,0.45433,0.44538,0.39588,0.37438,0.39377,0.36652
0.46853,0.45590,0.46617,0.42505,0.40740,0.39236,0.39957,0.40740,0.41948,0.43770,0.43223,0.41976,0.39938,0.41009,0.39565,0.43071,0.43928,0.44615,0.46976,0.47137
0.35760,0.34827,0.35331,0.38815,0.37553,0.38269,0.38583,0.35095,0.38834,0.37991,0.33838,0.35153,0.35433,0.34811,0.35200,0.34181,0.34837,0.33663,0.34811,0.32022
0.34756,0.32437,0.30613,0.29330,0.29990,0.32529,0.35498,0.35504,0.33705,0.33859,0.34704,0.34704,0.35205,0.35884,0.35197,0.33554,0.31355,0.29723,0.29620,0.29359
0.48472,0.48502,0.49329,0.47248,0.48648,0.46367,0.46576,0.49030,0.49154,0.43483,0.41744,0.43104,0.41974,0.42298,0.42187,0.44297,0.45299,0.42939,0.46004,0.47730
0.40381,0.40547,0.37929,0.39877,0.41703,0.40035,0.40279,0.39827,0.37639,0.36784,0.36840,0.37843,0.36875,0.36805,0.38157,0.38866,0.37261,0.41389,0.42907,0.41777
0.30031,0.30961,0.33802,0.35258,0.36435,0.36803,0.37139,0.37720,0.36565,0.35513,0.36055,0.34404,0.34984,0.34923,0.37683,0.38242,0.39278,0.38530,0.38358,0.36194
0.40219,0.39050,0.40321,0.41264,0.42303,0.42587,0.41013,0.38933,0.39419,0.37561,0.39836,0.37674,0.35396,0.36315,0.35383,0.37135,0.37371,0.37707,0.35943,0.35942
0.57765,0.52015,0.55219,0.55966,0.54855,0.54844,0.52290,0.55864,0.57150,0.58658,0.59527,0.61815,0.53681,0.50536,0.51113,0.51403,0.56777,0.56452,0.58077,0.57195
0.41913,0.43252,0.42110,0.44530,0.43647,0.44862,0.48062,0.53100,0.50868,0.51872,0.50247,0.46753,0.48510,0.46181,0.47241,0.46634,0.40917,0.40785,0.40870,0.42411
0.34650,0.34378,0.34056,0.34360,0.35026,0.36239,0.37429,0.40383,0.39418,0.39014,0.43173,0.37874,0.39486,0.41771,0.42454,0.45197,0.45653,0.44432,0.43137,0.44247
0.35525,0.36617,0.36965,0.38077,0.39775,0.40014,0.40575,0.40205,0.39414,0.38857,0.38866,0.41044,0.42844,0.43293,0.45596,0.43832,0.40559,0.39406,0.39293,0.42315
0.33073,0.36912,0.37263,0.35342,0.34919,0.34265,0.33810,0.35698,0.34833,0.35248,0.35208,0.33414,0.33414,0.33225,0.35668,0.31423,0.33754,0.32829,0.31025,0.30330
0.25049,0.27353,0.26295,0.25023,0.25023,0.25115,0.28264,0.28609,0.31749,0.33013,0.33513,0.33483,0.32923,0.33562,0.36160,0.36746,0.37097,0.43638,0.42000,0.42816
0.47044,0.46238,0.46366,0.47012,0.45948,0.46971,0.49787,0.45412,0.46130,0.40135,0.40674,0.40878,0.39621,0.38082,0.45406,0.43656,0.45358,0.46498,0.48607,0.49091
0.38839,0.40348,0.40641,0.37417,0.38945,0.36428,0.34007,0.36873,0.39349,0.36714,0.38612,0.36509,0.36315,0.37417,0.38623,0.35320,0.34471,0.37160,0.39006,0.39933
0.37377,0.30673,0.30673,0.32663,0.30378,0.33056,0.32328,0.35074,0.32877,0.32265,0.32119,0.36176,0.35712,0.36111,0.33940,0.33905,0.33769,0.32547,0.32481,0.30379
0.56607,0.56788,0.56177,0.57190,0.56085,0.54549,0.54898,0.56661,0.57323,0.58148,0.58484,0.56334,0.55941,0.56607,0.57168,0.55549,0.53858,0.57608,0.57768,0.56104
0.48864,0.52399,0.54010,0.53022,0.52134,0.49411,0.48683,0.43354,0.43399,0.40020,0.40963,0.41775,0.41882,0.40420,0.42232,0.40536,0.42021,0.41864,0.41845,0.39669
0.42752,0.42067,0.42669,0.41902,0.41358,0.40326,0.38925,0.37759,0.40399,0.42002,0.38841,0.38841,0.39399,0.39062,0.39423,0.40333,0.39726,0.40236,0.40057,0.40529
0.50199,0.50639,0.52232,0.53638,0.50546,0.49752,0.48706,0.45303,0.47280,0.48439,0.47984,0.48168,0.48940,0.44232,0.44696,0.39195,0.42362,0.41624,0.41624,0.41328
0.25722,0.24573,0.23694,0.24861,0.24701,0.23605,0.23860,0.24043,0.24474,0.25694,0.25713,0.25713,0.24916,0.25868,0.26039,0.24738,0.26903,0.26914,0.27225,0.25328
0.83535,0.83729,0.83627,0.83645,0.84495,0.84962,0.84825,0.84825,0.84817,0.84817,0.84014,0.84103,0.84103,0.84200,0.84200,0.83718,0.83255,0.83204,0.83219,0.83219
0.80146,0.80357,0.79820,0.79830,0.80685,0.80765,0.81205,0.80967,0.81519,0.80734,0.80678,0.80678,0.80830,0.81497,0.81393,0.81533,0.80814,0.80568,0.80997,0.80997
0.71100,0.72667,0.72091,0.74986,0.75737,0.75469,0.75669,0.75748,0.76173,0.74431,0.75315,0.75184,0.75317,0.74702,0.72160,0.74604,0.74886,0.73420,0.72434,0.74329
0.85295,0.85295,0.85295,0.85061,0.85243,0.85103,0.85635,0.85635,0.85690,0.86560,0.86642,0.86642,0.86395,0.86789,0.86683,0.86683,0.87072,0.87072,0.86805,0.86805
0.76931,0.76625,0.76943,0.78328,0.78328,0.78542,0.78477,0.78599,0.78264,0.78123,0.78035,0.77768,0.77005,0.77317,0.77425,0.77425,0.77167,0.76613,0.77622,0.78259
0.84323,0.83967,0.83832,0.83832,0.83832,0.83561,0.83561,0.83592,0.83592,0.83680,0.83680,0.83765,0.83504,0.83504,0.83465,0.83603,0.84333,0.84295,0.84519,0.84519
0.76437,0.78049,0.77933,0.76712,0.78291,0.78591,0.76801,0.77176,0.76697,0.76622,0.76817,0.75785,0.75079,0.75272,0.73391,0.75406,0.76281,0.76349,0.75791,0.75400
0.86169,0.86252,0.86580,0.86580,0.86081,0.86081,0.86081,0.85897,0.85897,0.85897,0.85897,0.85897,0.85897,0.85327,0.85136,0.85965,0.85922,0.85922,0.86401,0.86811
0.85573,0.85958,0.85731,0.85731,0.85306,0.85591,0.85182,0.85482,0.85482,0.85482,0.85396,0.85491,0.85491,0.85973,0.85973,0.85973,0.85973,0.85576,0.85576,0.84113
0.76337,0.76189,0.76194,0.76579,0.76579,0.79425,0.79927,0.79489,0.79489,0.79489,0.79729,0.79729,0.78970,0.78970,0.79913,0.79913,0.80403,0.80666,0.80684,0.80914
0.86138,0.86138,0.85916,0.85916,0.85923,0.85923,0.86012,0.85765,0.85777,0.85810,0.85187,0.85252,0.85252,0.85483,0.85622,0.85516,0.84833,0.84843,0.84948,0.84948
0.81565,0.80407,0.79682,0.79646,0.81388,0.80575,0.81121,0.81121,0.80974,0.80611,0.80611,0.78785,0.79512,0.79720,0.79663,0.79663,0.80276,0.80276,0.80422,0.80422
0.73058,0.73389,0.73768,0.73102,0.73065,0.73828,0.74336,0.73858,0.74041,0.74821,0.73346,0.72274,0.72720,0.73194,0.73246,0.73115,0.72995,0.72291,0.74132,0.74763
0.51406,0.54218,0.51185,0.52081,0.50631,0.50760,0.47368,0.47096,0.47096,0.47895,0.47321,0.47228,0.48941,0.49217,0.47715,0.53065,0.57089,0.56419,0.60305,0.59994
0.68127,0.69887,0.72290,0.73425,0.72385,0.73184,0.73401,0.74021,0.75140,0.74933,0.74874,0.74874,0.73751,0.73303,0.73213,0.73238,0.73501,0.74139,0.73496,0.73680
0.54271,0.57451,0.56001,0.53463,0.52813,0.50721,0.52447,0.48756,0.52737,0.55535,0.54941,0.53766,0.53662,0.54688,0.56380,0.60225,0.54592,0.55647,0.58614,0.59542
0.78599,0.78426,0.79000,0.78550,0.78956,0.78881,0.79524,0.79648,0.79648,0.79513,0.80033,0.80468,0.81017,0.80882,0.80882,0.81059,0.81059,0.81257,0.80431,0.80203
0.73391,0.74070,0.73694,0.74488,0.76325,0.75650,0.75951,0.76023,0.74507,0.75895,0.77000,0.75071,0.73028,0.72529,0.72529,0.71127,0.72237,0.70600,0.69605,0.67461
0.77522,0.75634,0.75291,0.74884,0.74107,0.72524,0.72600,0.70966,0.68428,0.69174,0.69757,0.69743,0.69384,0.68769,0.67565,0.69438,0.69424,0.69424,0.66655,0.67932
0.70620,0.71616,0.72396,0.72764,0.70869,0.71509,0.71467,0.70424,0.68698,0.70684,0.72266,0.73103,0.72278,0.72278,0.71603,0.71994,0.70594,0.70921,0.71064,0.70861
0.64807,0.64243,0.62524,0.64342,0.64425,0.64762,0.67278,0.68576,0.69476,0.66854,0.65225,0.64745,0.62990,0.63017,0.63633,0.61829,0.62245,0.62797,0.61706,0.60470
0.76865,0.78698,0.78698,0.78698,0.79319,0.79302,0.79719,0.79949,0.80286,0.80286,0.80370,0.79862,0.79743,0.79743,0.79743,0.80730,0.80730,0.80730,0.79872,0.79693
0.67101,0.66394,0.66839,0.67499,0.66904,0.67221,0.66878,0.65186,0.66296,0.67305,0.67293,0.65571,0.64143,0.65161,0.66676,0.67260,0.67449,0.68324,0.68173,0.68569
0.68761,0.67636,0.67636,0.67676,0.67182,0.67840,0.70134,0.69919,0.68697,0.67033,0.66019,0.67632,0.66694,0.65879,0.68818,0.67682,0.67165,0.66895,0.67824,0.67044
0.79342,0.79349,0.81231,0.81255,0.81255,0.80285,0.79494,0.80344,0.80470,0.80030,0.79628,0.80163,0.80159,0.80189,0.80195,0.80195,0.80504,0.80504,0.80504,0.80451
0.80507,0.80676,0.80202,0.79395,0.78564,0.78369,0.78736,0.78750,0.78750,0.79017,0.78313,0.78387,0.78443,0.78266,0.78142,0.77472,0.79441,0.79207,0.79207,0.78581
0.76962,0.78080,0.78519,0.78519,0.79535,0.79825,0.79701,0.79956,0.80312,0.80509,0.80484,0.80484,0.80484,0.79852,0.79499,0.80464,0.81679,0.82471,0.82084,0.81996
0.58716,0.55687,0.56465,0.58095,0.53210,0.53164,0.52809,0.52531,0.52332,0.50833,0.51229,0.53581,0.53883,0.50810,0.51665,0.52158,0.52207,0.56775,0.52143,0.52082
0.67436,0.67736,0.69695,0.69232,0.69470,0.66787,0.66953,0.65661,0.66062,0.65404,0.64680,0.64980,0.66553,0.64843,0.64311,0.63871,0.67526,0.67075,0.66470,0.66196
0.71845,0.66494,0.66077,0.65553,0.63450,0.64787,0.63085,0.58074,0.57435,0.57637,0.58550,0.57768,0.56951,0.58978,0.57555,0.58828,0.59187,0.57935,0.57269,0.54658
0.78034,0.77775,0.77178,0.79125,0.79107,0.80290,0.79792,0.79804,0.79332,0.79332,0.79328,0.78509,0.78572,0.78308,0.78308,0.79270,0.79556,0.77564,0.77270,0.77138
0.81417,0.81412,0.81658,0.81703,0.81228,0.81499,0.82208,0.83019,0.83169,0.83169,0.82956,0.83010,0.83175,0.83175,0.83354,0.82838,0.82838,0.83001,0.82761,0.82761
0.87109,0.87109,0.87252,0.87402,0.87432,0.87432,0.87432,0.87432,0.87508,0.87529,0.86341,0.86341,0.86310,0.86516,0.85740,0.85628,0.85628,0.85122,0.84924,0.85102
0.76713,0.76051,0.75486,0.75826,0.74960,0.74740,0.72761,0.73115,0.72598,0.72712,0.74130,0.74190,0.74416,0.72773,0.72282,0.74591,0.76029,0.76029,0.77390,0.77314
0.83851,0.83851,0.83929,0.83519,0.83678,0.83926,0.83660,0.83660,0.83521,0.83414,0.83642,0.83351,0.83706,0.83851,0.82961,0.82746,0.82010,0.82280,0.82280,0.83091
0.83300,0.83300,0.83130,0.83130,0.83782,0.83782,0.83951,0.82966,0.82860,0.82328,0.81554,0.81554,0.81554,0.81561,0.81484,0.81404,0.81846,0.82106,0.82265,0.82587
0.75394,0.75686,0.75698,0.75301,0.75736,0.75570,0.75162,0.76429,0.76306,0.77529,0.78030,0.78461,0.78965,0.79296,0.78776,0.78776,0.78923,0.78156,0.77787,0.77344
