0.83189,0.92739,0.64872,0.76196,0.77535,0.84366,1.28264,1.46700,1.60947,1.21038,1.26846,1.02204,1.13604,1.32269,1.04850,0.93052,0.66681,0.57356,0.24941,-0.26900
-0.60417,-0.47109,-0.75267,-0.67689,-0.57923,-0.56577,0.04219,-0.04662,0.21702,0.14097,-0.08002,-0.31599,-0.58132,-1.03860,-0.78005,-0.56787,-0.17995,0.04404,0.01397,0.18209
-0.66509,-0.67569,-0.78547,-0.75562,-0.47337,-0.93300,-0.77620,-0.85100,-0.66814,-0.93235,-0.89772,-0.94163,-1.21971,-1.25838,-1.41937,-1.12936,-0.80789,-0.88060,-0.65262,-0.87927
0.21884,0.06831,-0.17913,-0.00580,-0.37462,0.01789,-0.09039,-0.02807,-0.39715,-0.14970,-0.59823,-0.25154,-0.36682,0.14073,0.19479,-0.24123,-0.29774,-0.51735,-0.84371,-0.78437
-0.28407,-0.10349,-0.61048,-0.68685,-0.39181,0.21321,0.64301,0.67008,0.99652,1.35265,1.22143,0.39957,0.91088,0.88880,1.01753,0.96047,1.11499,0.73029,0.86473,0.75193
0.64763,0.15925,0.22846,0.67177,0.83496,0.43651,0.46907,0.73563,0.95649,0.64710,0.65758,0.54564,1.22421,1.16669,0.54701,0.52692,0.83672,1.31382,1.33275,1.31499
-0.77351,-0.52708,-0.20193,-0.32826,-0.40890,-0.42195,-0.02363,0.17472,0.66651,0.28998,-0.23441,-0.36730,-0.31520,-0.46066,-0.71745,-0.14295,-0.28272,0.10284,-0.61443,-0.84828
1.15947,1.07967,1.01604,1.33906,1.07578,0.96268,0.85545,0.98176,0.56726,0.93723,0.18375,0.33764,0.35479,0.85717,1.14713,0.95178,1.00623,0.85148,0.62392,0.44645
2.18888,2.04552,1.95552,2.05656,1.94773,1.72118,1.65605,1.60545,1.76517,1.47780,1.40839,1.45979,1.53973,1.51453,1.57086,1.25370,1.61131,1.83154,1.73739,1.95722
1.75507,1.99426,1.67593,2.15519,2.21639,1.27546,1.28991,1.27978,1.61986,1.82775,1.66324,1.81950,2.20297,1.97203,1.82204,1.58640,1.76077,2.05041,1.89150,2.06390
-0.12514,0.42891,0.84356,0.87950,1.31477,1.20722,0.67869,0.71844,0.39359,0.43153,0.44477,0.15993,0.39517,0.52770,0.33662,-0.00257,0.36442,0.37401,0.25775,0.22464
-0.30931,0.08653,0.35197,0.38289,0.61650,0.43857,-0.02056,0.25132,-0.20017,-0.05965,0.10533,-0.01198,-0.12692,0.18649,0.04938,-0.05033,-0.21489,-0.25283,-0.24535,-0.11894
-0.93037,-0.98671,-0.92860,-1.00948,-0.29187,-0.27455,-0.26011,-0.58143,-0.44020,-0.69470,-0.48432,-0.37961,-0.40273,-0.19958,-0.27689,-0.15827,-0.32211,-0.15718,-0.00985,-0.11954
1.24404,1.06600,0.77400,0.99167,1.30468,1.15821,1.26298,1.14111,1.10974,1.41058,1.30725,1.65031,1.38113,0.51393,0.55611,0.72196,0.63015,0.97027,0.86596,0.94834
0.14705,0.08918,0.23235,0.27771,0.15268,0.15315,0.13730,0.11926,-0.01086,0.05138,0.45852,0.34624,-0.21748,-0.28712,0.20392,0.25206,-0.71874,-0.80457,-0.73268,-0.66044
0.31187,-0.07980,-0.11320,0.30033,-0.06746,-0.06693,-0.18573,-0.32614,-0.37712,-0.37155,-0.60065,-0.76685,-0.69870,-0.40207,-0.10957,0.16999,0.15272,-0.00875,0.27720,-0.02086
0.21882,0.35190,0.20492,-0.39041,-0.75834,-0.60590,-0.21147,-0.08570,0.11857,0.51370,0.24310,-0.49096,0.14049,0.32320,0.85708,0.15271,0.32919,0.66140,0.44865,0.13050
-0.88574,-0.63520,-0.52188,-0.14878,0.19696,0.04380,-0.41688,-0.78008,-1.10634,-0.74227,-0.81300,-0.68167,-0.57644,-0.23575,-0.46535,-0.84111,-0.50765,-0.55764,-0.60180,-0.81572
-0.85161,-0.41171,-0.48279,-0.51300,-0.63924,-0.13790,-0.05079,-0.13195,0.25610,0.29678,0.30091,0.19741,0.34172,0.51400,0.39933,0.72080,0.83169,0.79025,0.50355,0.28726
0.24092,0.68019,0.34650,0.24009,0.38121,0.28827,0.46619,-0.10122,0.05012,-0.00734,-0.13388,0.01691,-0.18648,-0.38822,-0.37766,-0.59112,-0.81506,-1.26031,-1.57373,-1.75125
0.09515,-0.33144,-0.13183,-0.31113,-0.39520,-0.35633,-0.58022,-0.90591,-0.68626,-0.35922,-0.57543,-0.61315,-0.32253,-0.15334,-0.38992,-0.11020,-0.36071,-0.43049,-0.53572,-0.61317
-0.31264,-0.16081,-0.00740,0.42722,0.72123,0.73127,0.36610,0.65456,0.67946,0.21211,0.16659,0.16048,0.15055,-0.33198,-0.52922,0.10061,0.13266,-0.04739,-0.12382,0.00677
1.14318,0.55631,0.51359,0.67374,0.59148,0.21642,-0.09782,0.47562,0.33533,-0.25542,-0.47171,-0.05163,0.04355,0.09471,-0.09070,0.03583,0.18270,-0.09039,0.16406,0.17416
-0.19053,-0.26303,-0.79356,-0.88518,-0.55069,-0.43603,-0.03132,0.22383,0.24029,0.45884,0.45818,0.40033,0.42119,0.14530,0.41137,0.56217,0.69401,1.10035,1.39133,1.12149
-0.25775,-0.24486,-0.34756,-0.73468,-0.63618,-0.59892,-0.90029,-0.76112,-1.04836,-0.53978,-0.57180,-0.65059,-0.48415,-0.50871,-0.23972,-0.29598,-0.16454,-0.36159,-0.50103,-0.61324
0.75662,0.65197,0.51196,0.68251,0.33236,0.34498,0.55465,0.45570,0.59217,0.62173,0.77521,0.79565,0.85965,0.88553,0.72914,0.61968,0.02327,-0.18032,-0.58901,-0.38745
0.22492,-0.22869,0.11234,0.02745,0.21687,-0.03671,-0.53872,-1.02835,-0.84768,-0.84115,-0.53374,-0.75183,-0.82720,-0.28072,0.24666,-0.12065,0.03744,0.01550,0.32289,-0.22239
-0.22149,-0.35345,-0.44834,-0.36966,-0.38046,-0.25782,-0.32577,-0.64695,-0.49656,-0.39899,-0.27414,-0.50605,-0.66247,-0.58364,-0.02526,-0.20547,0.36135,0.51630,0.55159,-0.03733
-0.91020,-0.66233,-0.15025,-0.26952,0.20240,0.62289,0.56509,1.18139,1.14982,1.53188,1.58853,1.38054,0.87899,1.38831,1.13248,0.72675,1.00728,0.96766,0.81926,1.16453
-0.65774,-0.70715,-0.33891,-0.07460,0.13123,-0.00313,0.04888,0.19521,-0.03325,0.10152,-0.01703,-0.06608,0.03000,-0.31540,-0.18262,0.22108,0.12670,0.42316,0.29650,0.94081
0.35196,-0.52112,-0.53992,-0.58327,-0.48011,-0.63040,-0.68927,-1.16201,-1.01048,-0.97377,-0.94020,-1.04062,-0.44906,-1.03168,-0.82125,-0.89007,-0.80707,-0.48420,-0.53545,-0.17047
-0.30159,0.01819,-0.20139,-0.37730,-0.47632,-0.40851,-0.05887,0.54411,0.82027,0.69746,0.80416,0.95740,0.40982,0.71801,0.12553,0.14156,0.07794,0.03154,-0.62890,-0.88661
0.82035,0.71162,0.58754,0.61213,-0.03462,-0.42880,-0.11158,-0.56793,-0.11908,-0.45921,-0.08058,0.15561,-0.00834,-0.36252,0.13420,0.29564,0.31394,0.85611,0.50564,1.15628
-0.03080,-0.16874,0.12766,-0.02336,0.34040,0.35354,0.74940,0.78384,0.89043,1.15095,1.13844,0.61693,0.17730,0.29327,0.08892,0.46167,0.17187,0.14351,-0.04691,0.29186
0.86193,0.71790,0.57521,0.31629,0.17615,0.04723,0.21734,0.11573,-0.08334,-0.03264,-0.02589,0.01149,0.27104,0.31230,0.08261,-0.13970,0.14940,0.26008,0.81891,0.44696
-0.04913,-0.19893,-0.01975,-0.26765,-0.27800,-0.44267,0.37980,0.23913,-0.48930,-0.55739,-0.43413,-0.39042,0.20119,0.15862,0.19674,-0.18035,0.30957,0.69244,0.57348,0.25769
0.18791,-0.28618,-0.49261,-0.22040,-0.29595,-0.22350,-0.07962,-0.06148,-0.53181,-0.06151,-0.19866,-0.29371,-0.34068,-0.21133,-0.27554,-0.46089,-0.36921,-0.70811,-0.98870,-0.65393
-0.37303,-0.33879,-0.29772,-0.57562,-0.71008,-0.63482,-0.72751,-0.27960,-0.88992,-1.27265,-1.34060,-1.01094,-0.72813,-1.28417,-0.71705,-0.60814,-1.20906,-1.09491,-1.43312,-1.00933
-0.56056,-0.44830,-0.56652,-0.88833,-0.59527,-0.24521,-0.06109,0.02953,-0.43592,-0.13995,-0.48422,-0.29400,-0.02563,-0.30791,-0.43555,-0.47520,-0.68743,-0.49914,-0.13240,-0.47774
-0.35558,-0.24548,0.35798,0.28735,0.32787,0.54188,0.45957,0.76569,0.85039,0.45972,0.61068,0.86644,0.99521,0.54977,0.52782,0.75903,0.79426,1.20432,1.14223,0.82797
0.40768,0.15018,0.47937,0.31133,0.46504,0.53427,0.72497,0.26666,0.41560,0.73078,1.04052,1.01862,0.79125,0.81879,0.79180,0.59366,0.58844,0.91972,0.39758,0.13235
-0.49659,-0.51014,0.23787,0.08563,-0.07902,-0.12734,-0.38501,-0.56246,-0.75266,-0.56366,-0.55041,-0.91093,-1.09837,-1.20739,-0.88982,-0.67350,-0.40439,0.25424,0.35734,0.64325
-0.28056,-0.45980,-0.39627,-0.08071,-0.05860,-0.09866,-0.05348,-0.26297,-0.44622,-0.09412,-0.04361,0.28035,0.38471,0.14000,0.25887,0.89484,0.98338,0.56869,0.49146,0.09165
-0.86707,-0.64686,-0.78975,-0.90602,-0.65150,-1.01370,-1.02740,-0.99709,-0.96705,-1.27410,-0.85538,-1.07130,-1.12959,-1.53650,-1.07272,-0.75963,-0.70217,-0.70600,-0.52714,-0.12458
-0.64939,-0.33130,0.03929,0.26843,0.71741,0.73674,0.59980,0.35742,0.74477,0.35537,-0.22766,-0.30988,-0.62135,-0.50557,-0.48880,-0.64486,-0.58085,-0.24875,-0.51700,-0.51073
-0.95883,-1.18020,-1.22642,-1.24616,-1.26748,-1.30734,-1.29648,-1.32129,-1.44634,-1.71948,-1.10615,-0.99751,-0.86155,-0.62027,-0.30207,-0.22968,-0.06185,-0.18093,-0.67194,-1.08792
-0.86374,-0.52283,-0.55241,-0.73621,-1.06463,-0.78102,-1.20014,-1.38270,-1.27140,-0.96050,-1.07728,-1.30052,-1.15791,-0.91034,-1.07771,-1.08230,-0.89433,-0.50114,-0.64720,-0.97520
-0.08708,-0.10241,-0.65722,-0.10660,-0.12428,-0.14863,0.03735,-0.14971,-0.92760,-0.62544,-0.67750,-0.77325,-0.75339,-0.61051,-0.56523,-0.44675,-0.56346,-0.49982,-0.43665,-0.31579
-0.71819,-0.35916,-0.48904,0.05961,0.19635,0.82056,0.91568,0.90162,0.65848,0.31985,0.17475,-0.12644,-0.48642,0.03338,0.41493,0.34736,0.40497,-0.14606,0.27521,0.78404
1.14702,0.78887,1.29528,1.18769,1.14602,0.80580,1.21950,1.24551,1.16236,0.66815,0.87646,0.86373,0.19977,-0.00773,0.72976,0.85700,0.74690,0.73615,0.73036,1.12112
-0.71595,-0.71541,-0.13411,0.03315,-0.00716,-0.51334,-0.43232,-0.17897,-0.47006,-0.29482,-0.49707,-0.47285,-0.59223,-0.60250,-0.22747,-0.49427,-0.25445,-0.40680,-0.76052,-1.23824
0.88663,0.86217,1.00040,1.02552,0.80245,0.58119,0.73537,0.56803,0.23572,0.04898,0.39724,0.53167,0.11748,0.31567,0.60612,0.65915,-0.01077,0.18349,0.32369,0.71753
0.80732,1.32741,1.35141,1.31479,0.72260,0.58500,0.89330,1.10472,0.64964,0.86468,1.29749,1.45607,1.37072,1.38110,1.23922,1.31050,1.07595,0.39211,0.44790,0.66983
-0.83738,-0.32231,0.41180,0.57632,0.16095,-0.19919,-0.43355,-0.46643,-0.17232,-0.60109,-1.00027,-0.86760,-0.41982,-0.47382,-0.49433,-0.91358,-1.17727,-0.74133,-1.24762,-0.49191
-0.22421,-0.30397,-0.13228,0.09471,-0.20278,-0.09775,-0.39716,0.07251,-0.19865,-0.48375,-0.33081,-0.28009,0.10089,0.14709,0.05426,-0.14766,-0.09580,-0.22419,-0.51561,0.11511
0.69194,0.58498,0.38649,0.45633,1.01060,1.00773,1.25499,1.26824,1.59750,1.22857,1.29593,1.66903,1.41112,1.35156,0.77631,0.91418,0.63784,0.43869,0.42457,0.41664
-1.24239,-0.88925,-0.61547,-0.76900,-0.57285,-0.26838,-0.36615,0.21506,0.45164,0.31030,0.57221,0.45399,0.28645,0.63010,0.82483,1.38087,1.15734,0.77670,0.91944,1.25567
0.61699,0.36835,0.16024,-0.00900,0.03750,0.14103,0.10057,0.10263,0.13230,-0.47140,-0.13297,-0.20348,0.33207,0.23353,-0.34800,-0.57043,-0.34248,-0.12294,0.25520,0.12827
-0.14497,-0.18552,-0.36449,-0.55732,-0.83217,-0.95590,-0.97247,-1.17714,-0.83205,-0.58192,-1.03464,-0.97671,-1.05312,-0.56969,-0.66506,-0.75126,-0.44036,-0.69541,-0.74644,-0.73586
0.24139,-0.04567,-0.69449,-0.35080,-0.26903,-0.26430,-0.37519,-0.23940,-0.56552,-0.75864,-0.70458,-0.38595,0.07106,0.09175,0.04837,-0.19865,0.30316,0.52176,0.05915,0.13171
-0.33255,-0.68360,-0.95417,-0.54270,-0.56171,-1.08048,-1.01601,-1.34547,-1.12062,-0.97356,-0.91449,-0.79992,-0.56570,-0.21171,-0.11412,-0.29883,-0.13170,-0.19054,-0.01473,0.56100
-0.32998,-0.75029,-0.82519,-0.44936,-0.60926,-0.76440,-0.87664,-0.87078,-0.83140,-0.27040,-0.22361,-0.10814,0.09556,0.23669,0.02532,-0.08947,-0.23186,0.21947,0.17222,0.24614
-0.85956,-1.07724,-0.92967,-0.68845,-0.36040,-0.14327,-0.39868,-0.14597,0.08641,-0.51321,-0.38198,-0.32997,-0.56687,-0.33738,-0.05302,-0.15381,-0.03374,-0.19149,0.38090,0.59697
0.34441,0.13115,0.10203,-0.12052,0.06864,-0.28678,0.07646,-0.12151,-0.32779,-0.39806,-0.51990,-0.47989,-0.36788,-0.13925,-0.32618,-0.54364,-0.55589,-0.36593,0.29464,0.01750
-1.32133,-0.72317,-0.53220,-0.18050,0.42499,0.36691,0.32463,-0.07633,-0.71406,-0.88662,-1.00510,-0.88723,-0.56481,0.08249,-0.08699,-0.07300,0.09825,-0.13774,-0.38544,-0.28390
-0.64918,-0.02670,0.36302,-0.35580,-0.31014,-0.32311,-0.22599,-0.72716,-0.91591,-0.98188,-0.53793,-0.51790,-0.83381,-0.44206,-0.51728,-0.65333,-0.18404,-0.61911,-0.34076,-0.13485
0.42876,0.45326,0.56517,0.68388,0.39128,1.11255,1.22623,1.37230,1.00220,1.40824,1.28558,0.93030,0.74445,0.84460,0.82967,0.68846,0.93325,0.79872,0.62980,1.15011
-0.77340,-1.09516,-0.88625,-0.98456,-0.73400,-0.63978,-0.75736,-1.01002,-1.25292,-1.19964,-0.67103,-0.12933,-0.13905,0.17743,0.92550,1.28713,1.22617,0.70100,0.45391,0.24341
1.33763,1.12985,1.29570,1.05542,0.94079,1.08604,0.71003,0.41768,0.51339,0.36065,0.30240,0.45374,0.28504,0.19847,0.89685,0.34084,0.70544,1.00199,1.02387,1.55285
-0.55150,-0.70360,-0.65530,-0.65739,-0.58933,-0.40461,-0.56469,-0.52568,-1.07561,-0.90555,-0.45078,-0.06818,-0.55190,-0.57036,-0.56025,-0.38915,-0.46629,-0.62055,-0.45866,-0.65566
0.59383,0.49682,0.32929,0.05762,0.46657,0.50826,0.30164,0.17724,0.38764,0.19135,-0.12579,-0.12372,-0.08610,-0.10630,-0.60610,-0.71632,-0.56263,-0.45806,-1.13192,-1.29790
0.07440,-0.07851,-0.24564,-0.33073,-0.55867,-0.16976,-0.00788,0.08864,0.10093,0.12020,-0.12000,-0.35120,-0.42291,-0.63604,-0.95440,-0.93571,-0.90324,-1.23063,-0.84165,-1.06754
-0.39939,-0.08355,-0.09868,-0.24661,0.10155,0.18615,0.04447,0.39670,0.03382,0.35266,0.62070,0.27189,-0.04384,-0.09193,-0.23997,0.11615,-0.12880,-0.34233,-0.03239,-0.32838
0.05881,-0.11054,-0.06446,-0.02962,-0.01029,0.01945,-0.24599,-0.05755,0.06930,0.54979,0.52663,0.24499,0.19019,0.15241,-0.01105,0.21354,0.06745,-0.06126,0.14818,0.25005
0.60407,0.84620,0.11157,0.24008,-0.13421,-0.18358,-0.23755,-0.24430,-0.17922,-0.55042,-0.33972,-0.65719,-0.35521,-0.78233,-0.89892,-1.28903,-1.38854,-1.30667,-1.61734,-1.11213
-0.72790,-0.40047,-0.55570,-0.89776,-0.69929,-0.87003,-0.69000,-0.74522,-0.61305,-0.55786,-1.06747,-0.63057,-0.51434,-0.55142,-0.16377,0.07449,0.05944,-0.29912,-0.47869,0.10622
0.26400,0.65175,0.85581,0.67350,0.35947,0.77773,0.63450,0.59091,0.42207,-0.05104,-0.19408,-0.34639,-0.25251,-0.28921,-0.67714,-0.77136,-0.66238,-0.43687,-0.45351,0.10400
-0.09402,-0.24618,0.10104,-0.17219,0.04044,0.16558,0.79980,0.38844,0.51343,0.43351,0.37520,0.41654,0.45125,0.42208,0.16493,0.16932,0.01561,-0.45791,-0.47952,-0.64789
-0.36614,-0.16225,-0.32867,-0.21278,-0.38089,-0.40909,0.06260,-0.06573,0.09951,0.11720,0.22850,0.05825,-0.04104,-0.26018,0.19627,-0.37543,-0.31530,-0.33519,-0.19586,-0.51262
-0.65275,-0.78419,-1.12544,-1.44763,-1.17090,-1.48642,-1.40805,-1.14158,-0.76000,-0.72085,-0.52771,-0.38671,0.01695,-0.10076,-0.12134,-0.40563,-0.66497,-0.38948,-0.67011,-0.70347
-0.62497,-0.48706,-0.49856,-0.06292,-0.07450,-0.04678,-0.20356,-0.20254,-0.02279,-0.01589,0.07625,0.48528,0.48484,0.18517,0.07089,0.29939,0.19866,0.00686,-0.05792,-0.06742
-0.16270,-0.26937,0.32314,0.00121,-0.05185,-0.04965,-0.33220,-0.36414,-0.32956,-0.30257,-0.18195,-0.10374,0.44893,0.26523,0.07990,0.07938,-0.51151,-0.29521,-0.41231,-0.37749
0.90994,0.43785,-0.09834,0.35501,0.65678,0.69393,1.21714,0.66103,0.39258,-0.01024,-0.02129,0.13926,0.45396,0.24765,0.46006,0.73189,0.80324,0.52167,0.48314,0.10306
0.84749,0.66343,0.46072,0.68682,0.88102,0.68682,1.12529,0.82602,0.96283,1.27428,1.32335,0.72107,1.01445,0.91441,0.98008,0.47464,0.23178,0.12354,0.43251,0.72335
0.28752,0.28271,0.54332,0.51896,-0.04145,-0.48193,-0.49909,-0.16830,-0.31913,-0.67095,-0.56447,-0.43713,-0.55090,-0.58414,-0.43345,-0.31680,0.11398,-0.42379,-0.07519,-0.07562
0.42662,0.43816,0.02384,0.33264,0.37550,0.00598,0.11296,0.01064,0.25581,0.33445,-0.06962,-0.02269,0.03594,-0.03200,0.04803,0.30147,0.02337,0.11839,0.22736,0.20492
0.44129,0.36205,0.46070,0.61242,0.61396,0.36437,0.38571,0.34124,0.42288,0.66023,0.70886,0.26459,0.41803,0.32097,0.26410,-0.53596,-0.13307,-0.51836,-0.47406,-0.28604
-0.20045,-0.06068,-0.00563,0.10420,0.19668,0.04800,-0.35785,-0.10145,-0.20660,0.41721,0.72667,0.46923,0.06141,-0.20798,-0.23053,-0.04996,-0.39250,-0.24659,-0.00715,0.28281
0.64256,0.79616,0.20515,0.31172,0.49238,0.50328,0.31384,-0.21617,-0.63879,-0.54049,-0.88588,-1.07451,-0.63720,-0.87335,-1.12856,-0.96182,-0.82423,-0.49928,-0.65167,-0.60856
-0.07871,-0.22160,0.34695,0.17799,0.34535,0.31402,0.40398,0.38535,0.25220,0.43943,-0.08065,-0.10891,0.25435,-0.29983,-0.54213,-0.37235,-0.89558,-0.82227,-1.00532,-1.07518
0.06891,-0.24825,-0.03709,0.10432,-0.32268,-0.15783,0.01420,-0.57058,-0.72981,-0.78553,-0.44860,-0.69563,-0.23524,0.24878,-0.38599,-0.67697,-0.78076,-0.58746,-1.43119,-0.86392
0.42168,0.44116,0.13698,-0.08708,-0.31272,-0.07444,0.03474,0.38355,0.72182,0.04758,-0.20081,0.04137,-0.43442,-0.43734,-0.03293,-0.53506,-0.43202,-0.28582,0.18619,0.15446
0.09056,-0.14246,-0.02505,-0.25161,-0.14969,0.00685,0.29646,0.19529,-0.29677,-0.88262,-1.19720,-0.66072,-0.72497,-0.35821,-0.53187,-0.80126,-0.71699,-0.66160,-0.51469,-0.37134
0.16810,0.71237,0.51291,0.43762,0.89324,1.32103,0.89552,0.99486,0.68707,0.37293,0.19368,-0.29736,0.01319,-0.12401,-0.10317,-0.17525,0.25583,0.03859,0.15195,0.23475
-0.12960,-0.29285,0.13860,0.61572,0.69065,0.86152,0.84008,0.98031,0.93266,0.71772,0.91631,1.11781,1.00272,0.83955,1.25459,0.93524,1.06071,0.56789,0.68886,1.07950
0.77586,0.25529,0.44737,0.87816,0.55054,0.17716,0.71765,1.05835,0.51142,0.67582,0.33353,0.59959,0.38732,0.14666,0.27833,0.12132,-0.41037,-0.65982,-0.59014,-0.74368
0.36707,0.26657,0.11880,0.11958,-0.25390,0.01823,0.06743,-0.07063,-0.37149,-0.81157,-0.73580,-0.77749,-1.11967,-0.84644,-0.97098,-0.24110,-0.49187,-0.78937,-0.72504,-0.47195
-0.78008,-0.72560,-0.44441,0.03641,-0.11788,-0.31428,-0.27625,0.40639,0.33560,0.07060,0.27407,-0.32669,-0.20933,-0.29044,-0.36863,-0.48657,-0.35862,-0.48464,-0.32688,-0.26028
0.44062,0.32313,0.06074,0.25150,0.48197,0.36880,0.47449,0.46881,0.53159,0.51398,0.48504,0.80244,0.86121,1.22311,0.97810,0.95478,0.59494,0.12796,0.36864,0.17287
0.28500,0.51666,0.63950,0.67956,0.80153,0.73178,0.43778,0.12755,0.44053,0.78468,0.60558,0.35699,0.21494,0.11088,0.23472,-0.04754,0.16817,0.29710,0.51211,0.78767
0.03746,0.12014,0.23247,0.18998,0.28726,0.78744,0.67997,0.85355,0.17734,0.06017,0.21464,-0.30159,-0.24263,0.32461,0.66305,0.91651,1.43601,1.09098,1.25659,1.05483
0.61735,0.54192,0.49150,0.48028,0.15661,0.17854,0.17005,-0.15245,0.24313,0.12509,0.43815,0.56318,0.74221,0.91944,1.01985,0.79655,0.56274,0.46441,0.57420,0.27495
-0.00500,0.17607,0.51958,0.91123,0.45863,0.51556,0.52105,0.54876,0.66962,0.03782,0.05392,0.70558,0.75837,0.40917,0.26769,0.23488,-0.18447,0.23653,0.56349,0.52840
-0.82526,-1.06272,-1.14614,-1.07080,-1.04232,-0.51835,-1.18655,-0.62947,-0.85440,-0.83723,-0.69193,-0.52703,-0.12606,-0.22755,-0.30829,-0.17073,-0.01854,0.16627,0.39525,0.71914
0.10588,0.10036,-0.22223,-0.33467,-0.23083,-0.11028,-0.19788,0.03282,0.33448,-0.35830,0.10687,0.14501,0.21111,-0.00706,0.00265,0.36139,0.80006,0.76732,0.78203,1.17670
0.08881,0.18531,0.21757,0.00182,0.11004,0.29104,0.39362,-0.42448,-0.00072,0.13399,0.17046,-0.02184,0.00472,0.54230,0.31190,0.34277,0.52633,0.33540,0.12445,-0.13116
0.59977,0.73999,0.95172,1.34177,1.16380,1.07942,0.77972,0.71150,0.82841,0.73990,1.24135,1.29662,1.66786,1.55297,1.48926,1.36990,1.43274,1.55459,1.35917,0.60103
0.50290,0.33435,0.67448,0.40156,0.42417,0.17016,-0.11646,0.06743,-0.18117,0.10730,-0.19672,-0.46998,-0.31247,-0.62225,-0.34706,-0.67161,-0.47849,-0.75797,-0.61833,-0.90352
-0.67671,-0.54478,-0.62620,-0.83560,-0.60079,-0.70071,-0.86991,-0.72548,-0.84451,-0.86464,-0.51314,-0.25554,0.05800,-0.14066,-0.21141,0.16769,0.05292,0.05612,-0.12961,0.15539
-0.03890,0.16400,0.09488,0.22711,0.20410,-0.17106,-0.13925,-0.22071,-0.44299,-0.37353,-0.01907,0.39937,0.40822,0.07528,0.44737,0.35959,0.34744,0.59803,0.56496,0.67557
0.46108,0.48814,0.54525,0.70368,1.17950,1.18784,1.08202,1.05693,0.92759,1.32379,1.83830,1.24724,1.72393,1.50398,1.51351,1.60529,1.24152,0.76802,0.73004,0.81913
0.26277,0.06628,0.54089,0.25965,0.48761,0.12758,-0.15762,-0.08768,0.33064,0.05085,-0.28114,-0.28897,-0.45003,-0.29294,-0.38833,-0.14863,-0.37959,-0.54751,-0.62723,-0.75498
1.20520,1.31362,1.65468,1.76780,1.48754,1.48051,1.77042,2.32314,1.80050,1.59059,1.32630,1.15842,0.63723,0.75018,0.28962,-0.28298,-0.29607,-0.44922,-0.29337,-0.34384
1.26458,1.38244,1.25047,1.27791,0.69097,0.65026,0.71442,0.91692,0.42686,0.47203,0.68496,0.66360,0.80842,0.83972,0.89955,0.60291,0.58747,1.03828,0.86046,0.66706
-0.10234,-0.33157,-0.01390,0.15575,0.37082,0.22619,0.28239,0.24471,0.53761,0.54888,0.38744,0.75522,0.64203,0.46090,0.19782,-0.07537,0.28963,-0.26026,-0.91132,-1.02903
-0.91328,-1.06658,-1.03793,-1.35813,-1.25844,-1.19717,-1.06876,-1.18988,-1.13422,-0.65535,-0.43795,-0.09278,-0.30124,0.30786,0.61295,0.57001,1.04867,0.52398,0.83236,0.83872
-0.09524,0.25699,0.03551,0.05870,-0.30838,-0.86790,-0.20151,0.05670,-0.10128,-0.33205,-0.26252,-0.14940,-0.12655,0.10186,0.48953,0.36250,0.27996,-0.04880,-0.57717,-0.50745
-0.82480,-0.29845,-0.08184,-0.09313,0.43966,0.12191,0.33746,0.72533,0.68279,0.80669,1.08806,1.21022,1.08331,0.63573,0.55520,0.51050,-0.14359,0.04180,-0.13245,-0.59075
-0.39915,-0.80416,-0.84609,-1.21027,-1.22788,-0.91004,-0.76973,-0.49390,-0.15712,-0.72404,-0.79311,-0.80797,-1.02410,-0.42231,-0.56350,-0.44716,-0.23633,-0.22139,-0.21606,-0.38538
1.78415,1.47853,1.61660,1.78776,1.69124,1.56151,1.46752,0.93276,1.00531,0.70377,0.48292,0.65049,0.33081,0.29373,0.48112,0.88985,1.14665,1.03695,0.72301,0.30704
0.22893,0.34568,0.63549,0.38957,0.94079,0.93030,0.57479,0.09758,-0.23243,0.26734,-0.23457,-0.29624,-0.46331,-0.35138,-0.24552,0.15248,0.18770,0.25706,0.16646,0.82427
0.35264,0.30371,0.40664,0.49787,0.67387,0.93256,0.73425,0.46916,0.40215,0.25269,0.18320,0.03824,0.39724,0.73469,0.89822,0.98021,1.41224,1.23568,0.95544,0.66899
0.18357,0.24362,0.29904,0.13322,0.41902,0.59570,0.37919,0.29120,0.38042,0.10220,0.08565,-0.41668,-0.66562,-0.94708,-0.84333,-0.41725,-0.46233,-0.23661,-0.29638,-0.11288
-0.67338,-1.00217,-1.00416,-0.68541,-0.74672,-0.04358,-0.15255,-0.14928,-0.37608,-0.48372,-1.31915,-1.34601,-1.87932,-1.63059,-1.53260,-0.94879,-1.16259,-1.26931,-1.10527,-0.83784
-1.17416,-0.74967,-1.11889,-0.85051,-0.82125,-0.75991,-0.11964,-0.22458,-0.61820,-0.06412,-0.12669,-0.02208,0.02930,0.14156,0.31076,0.22074,0.43750,0.77643,0.54835,0.72989
0.66028,0.76901,0.68881,0.73336,0.62947,0.56583,0.44554,0.29200,0.02916,0.37484,0.27601,0.01149,0.21321,0.44574,0.28652,0.49808,0.64217,0.87786,0.80250,0.83273
-0.22339,-0.06545,-0.67745,-0.60586,-0.66680,-1.09343,-1.04148,-1.05491,-1.36522,-1.34335,-1.42836,-1.57341,-1.73616,-1.24297,-1.21462,-1.04097,-1.00025,-1.00367,-0.77640,-0.38661
-0.06320,-0.28977,0.06427,-0.10438,-0.43965,-0.20972,-0.38619,-0.75846,-0.62175,-0.60221,-0.45851,-0.53033,-0.14296,-0.38002,-0.06776,-0.26721,-0.02581,-0.49407,-0.67944,-0.92880
-0.24185,-0.39314,-0.32287,-0.13191,-0.16737,-0.31638,0.18133,0.15479,0.15056,-0.10904,-0.01397,-0.80240,-0.56359,-0.31668,-0.43716,-0.05156,-0.10026,-0.36106,-0.78000,-1.09251
0.18997,0.04703,0.18820,0.23102,0.36370,0.41390,0.10089,0.31547,0.09092,0.06924,0.45219,0.58815,0.21402,-0.38832,-0.31163,0.05094,-0.07074,-0.12038,-0.13842,-0.19392
0.63256,0.42012,0.65583,0.73937,0.12057,-0.02353,0.51958,0.58868,0.71478,0.54272,0.30262,0.34817,-0.51707,-0.18515,-0.33423,-0.24195,-0.49963,-0.18800,0.11472,-0.13767
-0.00733,-0.60554,-0.73116,-0.83050,-0.38396,-0.88302,-1.61336,-1.17390,-0.67347,-0.44036,-0.79860,-0.85936,-0.70716,-0.47602,0.12290,-0.27363,0.08529,0.82303,0.95196,0.87884
0.88487,0.21350,-0.12828,0.24781,-0.06872,-0.08365,-0.42161,-0.11955,-0.38896,0.17710,0.21931,0.15090,0.34380,0.45155,0.36588,0.59519,0.50679,0.08025,0.31756,0.52647
0.24375,-0.05490,0.48921,1.00605,0.96695,0.44120,0.39865,0.22206,0.47869,0.65123,0.51122,0.55563,0.16531,-0.15932,-0.24531,-0.06601,-0.46668,-0.24672,-0.31114,-0.50382
-0.62018,-0.16876,-0.21434,-0.15346,0.08811,-0.19038,-0.11779,-0.44497,-0.39502,0.00297,-0.19114,-0.43981,-0.27238,0.05603,0.15207,0.31870,0.49437,0.09248,0.12043,-0.12413
-0.92853,-1.46085,-1.18658,-1.25421,-0.97459,-1.31833,-1.71665,-1.71644,-1.18523,-1.30390,-1.05863,-0.80697,-0.15133,-0.60495,-0.97841,-1.26194,-1.13393,-1.19423,-0.76686,-0.90767
0.20293,0.06131,0.51591,-0.14478,0.14416,0.19046,0.42688,0.22896,0.05548,-0.05704,-0.61970,-0.35432,-0.63717,-0.94402,-0.89892,-0.48115,-0.16719,0.41322,0.25883,0.16518
0.47069,0.54810,0.15884,-0.01187,0.00081,-0.37798,0.21592,0.10819,0.26474,0.07030,0.32208,0.25905,0.55038,0.59118,0.38138,0.40285,0.58587,0.73004,0.46274,0.25132
-0.29852,-0.54092,-0.40444,-0.39257,-0.10746,-0.32942,-0.00965,0.47296,0.58310,1.04091,1.01066,1.29134,1.22973,1.63676,1.21727,1.57073,1.25649,0.97542,1.24236,0.77009
0.03785,-0.10577,0.15435,0.11203,0.04637,0.23080,0.29178,-0.24898,0.21895,0.45106,0.55967,0.62361,0.96047,0.60291,0.41258,0.67927,0.32521,0.22113,-0.01468,-0.15283
0.34091,0.98500,0.42369,0.28066,-0.06389,0.48297,0.66933,0.71557,1.01500,1.36235,1.03963,1.04702,0.42941,0.60203,0.00717,-0.56164,-0.94496,-1.23984,-1.31502,-1.24283
-0.43460,-0.22032,-0.37565,-0.50582,-0.54906,-0.82306,-1.02675,-0.96650,-1.13783,-0.65333,-0.75740,-0.97033,-0.27473,-0.36556,-0.16213,-0.31930,-0.87157,-1.23719,-1.25851,-0.98871
-0.28041,-0.51198,-0.39195,-0.40261,0.06443,-0.14462,-0.12432,0.16698,-0.15751,0.01438,0.00861,0.11247,-0.36317,-0.30276,-0.22901,-0.20055,0.20070,0.60219,0.50400,0.64662
-0.98831,-0.95629,-0.61696,-0.32919,-0.29748,0.14645,-0.57636,-0.75487,-0.73654,-0.77344,-0.55101,-0.36971,-0.32803,0.12375,0.41670,0.32202,-0.08438,-0.41689,-0.15875,-0.78410
-0.51329,-0.86155,-0.93110,-1.01097,-0.70706,-1.01703,-0.96316,-1.49979,-1.69758,-1.35197,-1.38547,-0.92646,-0.68032,-0.80433,-0.37652,-0.43843,-0.74585,-0.68690,-0.68108,-0.96939
-0.15193,0.13157,0.33523,-0.03057,0.59017,0.81490,1.49405,1.42750,1.12848,1.02180,1.26782,0.50851,0.37272,0.42449,0.27554,0.70862,0.57742,0.81428,1.16257,0.95638
-0.70818,-0.17070,0.14366,0.15173,0.59557,0.11817,0.61240,0.47475,0.26841,-0.15724,-0.00366,0.05323,0.25246,-0.18342,-0.48903,-0.82519,-0.80224,-0.50213,-0.42716,-0.55909
0.74471,0.77403,1.06977,1.03658,1.18100,1.13689,0.93678,0.45698,0.84720,0.36647,0.39338,0.28938,0.06279,0.40769,0.17881,0.05455,0.02700,-0.52097,-0.75741,-0.80812
0.51455,0.31469,0.64468,0.23429,0.38817,0.44528,0.41336,0.25128,0.05104,-0.04869,0.00373,-0.08820,0.16358,0.35534,-0.13095,-0.30364,-0.35006,0.21584,0.05844,-0.06350
1.09132,0.74047,0.87436,0.80525,0.91911,0.72208,0.25787,0.62985,0.55199,0.31953,0.64984,0.53149,0.12167,0.12533,0.11302,0.48464,0.50724,-0.04555,-0.00906,-0.00373
-0.83673,-0.69692,-0.57708,-0.16625,-0.33724,-0.44423,-0.18996,-0.51635,-0.91612,-1.09441,-1.27178,-1.02915,-0.85533,-0.58660,-0.74185,-1.26741,-1.16285,-0.82727,-1.15251,-0.61621
-0.12840,0.32208,0.06969,0.03306,0.26605,0.09748,0.30742,0.44640,0.73442,0.26917,0.50917,0.49126,0.39018,-0.06535,0.23322,0.13365,-0.07366,0.24861,-0.18923,-0.36537
1.13998,0.67416,0.94212,0.85664,0.15475,0.14039,-0.04061,-0.27241,-0.10016,0.27711,0.23841,0.41291,0.87028,1.06726,0.94996,0.86634,0.77850,0.84533,0.74424,0.50686
-0.46184,-0.14734,-0.13254,0.08893,0.38570,0.34772,0.29838,0.35330,0.52669,-0.22403,-0.51539,-0.67344,-0.68984,-0.67328,-0.44511,-0.25585,-0.59524,-0.23320,-0.16601,-0.38254
0.03101,-0.04144,0.33257,0.25799,0.73727,0.75707,0.80463,0.58220,0.54367,0.22591,0.03883,-0.27118,-0.30790,0.22807,0.15122,0.47007,0.73254,1.00652,0.63135,0.45080
1.33818,1.24491,1.06481,1.00308,0.85717,0.79048,0.42202,0.27681,0.55971,0.64660,0.71284,0.40155,0.47695,0.05637,0.16553,0.05488,0.36643,0.31177,-0.01960,-0.01182
0.34966,0.16457,0.69400,0.01924,-0.38985,-0.18697,-0.56970,-1.13924,-0.68223,-0.97465,-0.60874,-0.92064,-0.93888,-0.64528,-0.30619,-0.33884,-0.65010,-0.38574,-0.57512,-0.33496
0.66670,0.94017,1.37491,1.06959,0.82234,0.93548,0.69884,0.61473,0.34230,0.24891,0.45146,0.47418,0.55261,0.06389,0.21372,0.02713,-0.21910,-0.14761,-0.41612,-0.34526
0.88914,0.78215,0.59910,0.89098,1.15337,1.00254,1.11434,1.09723,1.22886,1.12393,1.20090,1.47161,1.10076,1.30411,0.86090,0.36604,0.76417,0.57424,0.51861,0.23123
-0.48499,-0.39300,-0.19791,-0.77017,-0.32618,-0.60551,-0.74065,-0.90837,-0.95105,-0.79537,-0.71273,-0.82000,-0.71757,-0.98239,-0.77599,-0.37022,-0.73414,-0.95424,-0.78370,-0.52847
-0.37699,-0.66388,-0.33363,-0.41623,-0.14082,0.40677,0.27463,0.03071,-0.42633,-0.03303,-0.37997,-0.23002,0.02328,0.17825,0.31378,0.53434,0.88365,0.67102,0.34012,0.26141
0.49611,-0.08112,-0.05538,-0.38800,-0.71976,-0.86750,-0.60051,-1.35406,-1.03819,-1.05342,-1.13687,-0.99976,-1.42130,-1.20333,-0.92414,-0.26513,-0.07647,-0.24103,-0.25665,-0.03075
0.15495,0.61928,0.52598,0.57161,0.56128,0.03075,-0.08417,-0.22511,0.18769,-0.06092,-0.03700,-0.17042,-0.25852,-0.06284,-0.04203,-0.17743,0.28541,0.49174,0.47415,-0.01794
0.62601,0.50460,0.78731,0.46891,0.38132,0.19971,0.44227,0.34678,0.27261,0.31064,0.69105,0.41438,0.84770,1.08698,1.69174,1.99225,0.91953,0.97990,0.82088,0.98368
-0.14661,-0.28086,0.00087,0.06714,0.24902,0.30252,-0.10618,-0.23366,-0.16527,0.28452,0.15536,-0.40282,-0.17398,-0.26078,0.18566,0.08008,-0.12665,0.07165,0.15359,0.00967
0.48098,0.47391,0.46727,1.00062,1.11811,1.79000,1.33618,0.96955,1.05632,0.66852,0.58889,1.24481,1.28241,1.37842,1.42078,1.23351,1.33418,1.03192,1.07192,0.81337
0.24333,-0.05123,0.41484,0.52837,0.64928,0.44002,0.35108,0.22606,0.21644,0.21494,0.44204,0.76879,0.53767,0.11785,0.76424,-0.10195,-0.36629,-0.18803,0.20191,0.26369
0.33324,0.21402,0.20961,0.27820,0.18569,0.25746,0.03744,0.01924,-0.44262,-0.28386,-0.12270,0.39066,0.28140,-0.12150,-0.39439,-0.58059,-0.25883,-0.50052,-0.58663,-0.69554
-0.78118,-0.51911,-0.44149,-0.12308,0.21129,-0.08043,-0.39889,0.09849,0.46267,0.65635,0.26989,0.75496,0.83444,1.18196,0.79022,1.08428,0.84007,0.52360,0.51536,0.94575
0.41181,0.28355,-0.08660,-0.45902,-0.48086,-0.32908,-0.09848,-0.12257,0.20431,-0.28925,0.12817,0.17583,0.40048,0.15120,0.18499,-0.00262,0.52479,0.32440,0.41613,0.37362
-0.33853,-0.95695,-1.16626,-0.83649,-0.62084,-0.83070,-1.29945,-0.91515,-0.61842,-0.92579,-1.13825,-1.30581,-0.63867,-0.43222,-0.62965,-0.63270,-0.73081,-0.93631,-0.93096,-0.36912
0.65627,0.32302,0.75847,0.39684,0.60355,0.49154,0.62497,0.40581,0.13713,0.47617,-0.08721,0.10255,0.24157,0.38453,-0.10995,-0.37823,-0.21528,-0.28782,-0.43297,-0.16401
0.86986,0.69961,0.52688,0.96746,0.82312,0.60552,0.37003,-0.06145,0.60540,1.07300,0.30848,0.36972,0.18421,0.31213,0.80294,0.85425,0.53143,0.52643,0.13745,-0.29689
0.74692,0.92531,1.22122,1.05785,0.59631,0.41766,0.53354,0.64843,0.37594,0.45568,0.22273,-0.38544,-0.28699,-0.45065,-0.21787,-0.37662,0.00987,-0.25110,-0.56646,-0.71154
-0.09905,0.24127,0.54804,0.22779,0.25693,0.32545,0.58497,0.81502,0.80660,0.58916,0.44000,0.53347,0.58053,0.38618,0.51111,0.33507,0.14515,-0.08491,0.47275,-0.03331
-0.57144,-0.95713,-0.85215,-1.06316,-0.93323,-0.36565,-0.11926,-0.27594,-0.41374,-0.15652,-0.15023,-0.01442,0.22739,0.43537,-0.05243,-0.21186,0.02349,-0.08375,-0.04304,-0.33137
-0.03256,-0.00025,-0.10850,-0.23497,-0.12096,0.22265,0.33623,0.06301,0.17921,0.27870,0.58515,0.49375,0.24705,0.38144,0.36418,0.49599,-0.14573,-0.05116,0.02406,-0.33224
0.53383,0.34814,0.10645,0.38280,0.22626,0.70741,0.60097,0.23637,0.10759,0.26768,-0.18420,-0.34898,-0.69518,-0.54335,-0.48540,-0.64876,-0.43242,-0.61595,-0.06618,0.08283
-0.31576,0.15614,0.00393,0.08512,0.12725,0.12985,0.14701,0.07194,-0.30178,-0.11064,-0.42112,0.11150,0.06104,0.45332,0.04095,0.24631,0.27387,0.06072,0.08680,0.00284
0.19192,0.52026,0.15921,-0.06680,-0.21047,-0.19479,-0.41756,-0.29084,-0.48455,-0.51723,-0.41697,-0.36116,-0.38723,-0.14253,-0.60642,-0.81585,-1.42841,-1.36140,-1.32887,-1.05741
0.41035,0.27322,0.04998,0.14857,0.19885,0.17181,0.23738,0.52420,0.26990,0.35392,0.08407,0.19277,0.34775,0.02497,-0.51046,-0.46491,-0.30066,-0.34118,-0.32037,-0.26404
-0.18966,-0.30744,-0.26382,-0.42060,0.20150,-0.47277,-0.71661,-0.50312,-0.94693,-0.86060,-0.71587,-0.59126,-0.45062,-0.29664,0.15141,0.56197,0.95683,0.92946,0.35832,0.40237
0.47504,0.13404,0.45512,0.10852,0.15387,0.31393,-0.02580,-0.23615,-0.34658,0.29966,-0.12981,-0.31767,-0.80520,-0.91267,-0.55831,-0.55565,-0.23670,-0.40490,-0.38939,-0.80024
1.53931,1.68958,1.86655,2.06175,2.08346,1.92872,1.69743,1.41242,1.29296,1.43729,1.54928,1.60827,1.67774,1.72813,1.83956,2.08506,2.02907,1.85018,1.28084,1.62548
-0.59825,-0.16447,-0.18897,0.01390,-0.08274,-0.48075,-0.85777,-0.76701,-0.29840,0.31449,0.09449,-0.04681,-0.18509,-0.50539,-0.25176,0.03076,0.28499,0.75028,0.81538,0.30483
-0.89372,-1.13132,-1.29799,-1.34935,-1.32032,-1.10875,-1.08244,-0.49277,-0.61589,-0.62399,-0.49182,-0.40192,-0.65303,-0.37915,-0.44044,-0.66320,-0.73613,-0.77160,-1.00576,-0.69197
-0.31076,-0.57218,-0.62328,-0.77421,-0.90588,-1.20110,-1.09379,-0.75065,-0.69110,-0.44842,-0.40798,-0.16799,0.20196,-0.00413,-0.08262,-0.39240,-0.69870,-0.59424,-0.68210,-0.56047
1.39123,0.48040,0.54234,0.53035,0.60690,0.84884,0.83100,0.34493,0.33825,0.17569,0.25803,0.00483,-0.10133,-0.11219,-0.31174,-0.40875,-0.47553,-0.35086,-0.49632,-0.67566
-0.68714,-0.31775,-0.17912,0.41584,0.14488,-0.19897,-0.25283,0.20581,-0.11543,0.07910,0.45501,0.32808,0.30649,0.31421,0.02785,0.21122,0.47357,0.62832,0.57333,0.53877
0.08608,0.18320,0.06897,0.22866,0.04615,0.10061,-0.39772,-0.20975,-0.34464,-0.24793,0.08297,0.21237,0.38124,0.41819,0.49998,1.07632,0.64433,0.65311,0.79770,0.63345
-0.50272,-0.48406,-0.89702,-0.76002,-1.04395,-0.67938,-0.70897,-0.50154,-0.79855,-0.91580,-1.12455,-0.73296,-0.86299,-0.55416,-0.64786,-0.56919,-0.55999,-0.63483,-0.35813,-0.32128
-0.30565,-0.67752,-0.69458,-0.73469,-0.70730,-0.38838,-0.41905,0.07512,0.37183,0.16628,0.00352,0.14560,0.15585,0.23526,0.38016,0.43742,0.38503,0.77794,0.53430,0.12795
1.55506,1.43564,0.58190,0.66888,1.36334,1.34098,1.38997,1.52905,1.84769,1.73227,1.94138,1.47481,1.07881,1.28936,1.06970,1.14770,1.50246,1.21708,0.75814,1.13070
-0.21135,-0.25817,-0.44442,-0.75643,-1.04370,-1.14933,-0.94439,-0.78463,-0.05966,0.32527,0.28828,-0.52018,-0.60491,-0.56651,-0.22035,-0.53687,-0.57827,-0.29525,-0.21601,-0.39373
0.49880,0.52743,0.78850,1.17319,1.20223,0.95967,0.91778,1.09620,0.80582,0.73430,0.60907,0.22974,0.56708,0.67572,0.54500,0.83285,0.52450,0.31195,-0.41104,-0.29409
0.25621,-0.28420,-0.13386,0.07867,0.00393,0.51685,0.18080,0.14483,0.15374,0.07185,0.17481,0.00798,-0.26512,-0.42058,-0.17837,0.13319,-0.81917,-0.98223,-0.52053,-0.16622
-0.25239,-0.42612,-0.19647,0.04797,-0.18734,-0.87361,-0.51659,-0.61801,-0.57081,-0.52583,-0.64428,-0.28673,-0.00013,-0.11116,0.14896,0.35068,0.70440,0.05048,-0.31965,-0.52956
-0.31312,-0.00116,-0.36720,-0.13758,0.01851,-0.06766,0.06816,0.50749,0.97764,0.79789,0.43727,0.53743,0.66523,0.17812,0.05730,0.00243,0.08546,0.07760,0.18763,0.13662
0.01765,0.32080,0.26325,0.63101,0.71121,0.87079,1.58606,1.12982,1.59567,1.11353,1.11717,0.79386,0.77733,0.80709,0.24488,-0.23197,0.05010,0.04082,0.13395,-0.08596
0.24468,0.09995,-0.02313,-0.46265,-0.35721,-0.61684,0.01950,-0.10473,0.57194,0.72409,0.29360,0.65966,0.51937,0.55921,0.67121,0.99493,1.37650,0.82194,0.58369,0.64390
